0
0
-1
0
0
0
0
-1
0
0
0
0
0
0
0
0
0
0
0
0
0
0
-1
0
0
0
0
0
0
0
0
0
1
0
-1
0
0
0
0
0
0
0
0
0
0
0
0
0
0
0
0
0
0
0
-1
0
0
0
0
0
0
0
0
0
0
0
0
0
1
0
0
0
0
0
0
0
1
0
0
0
1
1
-1
0
-1
-1
0
2
-2
1
-2
3
-3
3
-4
6
-7
8
-9
11
-14
18
-37
-94
484
320
-277
99
-9
-210
16
205
194
-62
-116
20
284
-96
55
-175
-29
348
226
175
19
-166
-344
-56
218
-23
65
-9
135
129
126
-52
-139
-104
-121
268
196
115
-149
-108
-22
58
26
13
2
39
112
152
29
-68
-134
-58
118
111
58
-64
-33
-20
91
80
7
-54
-61
33
90
121
40
-4
-40
-21
-6
5
8
31
55
61
37
-10
-46
-38
23
80
86
37
-26
-46
-21
24
46
38
17
3
4
8
10
6
2
11
29
44
37
11
-17
-25
-11
12
29
28
20
11
9
11
13
14
14
11
9
6
8
9
13
16
15
10
3
-2
-2
3
11
16
14
6
-4
-11
-12
-6
1
8
10
9
4
-1
-3
-3
1
7
11
12
10
6
2
1
3
6
8
7
5
2
-1
0
1
3
6
7
6
4
2
0
0
2
3
5
4
3
0
0
0
1
2
2
2
2
1
0
0
1
1
1
1
1
0
0
1
0
1
1
1
1
1
1
1
1
0
0
1
0
1
1
0
1
0
2
0
0
1
1
1
1
0
0
1
1
1
1
1
0
0
0
0
0
0
0
0
0
0
-1
0
-1
0
0
0
0
-1
0
0
0
0
-1
0
0
-1
-1
-1
-1
-1
0
0
-1
-1
-1
-1
-1
0
-1
-1
0
0
-1
0
0
-1
0
0
0
0
0
0
0
0
-1
0
0
0
0
-1
0
0
0
-1
0
0
-1
0
-1
-2
1
-1
-1
-1
-1
-1
-1
-1
-1
-1
-1
-1
0
-1
-1
-1
-1
-1
-1
-1
-1
-1
-1
-1
-1
0
0
-1
-1
0
-1
-1
-1
-1
0
-1
-1
0
1
-1
0
-1
0
-1
0
0
0
0
-1
0
0
-1
0
0
0
-1
0
0
-1
0
0
0
-1
0
0
0
0
0
-1
0
0
0
-1
0
-1
0
0
0
-1
0
0
0
0
0
-1
-1
-1
0
-1
-1
0
-1
-1
0
-1
-1
-1
0
-1
-1
-1
-1
0
0
-1
0
-1
0
-1
0
0
0
0
-1
0
0
-1
0
-1
0
-1
-1
-1
-1
0
-1
-1
0
-1
-1
-1
0
0
-1
0
-1
-1
0
-1
0
0
0
-1
-1
0
0
0
-1
-1
0
-1
0
0
0
0
-1
0
-1
0
0
-1
0
0
-1
0
0
-1
0
0
0
-1
-1
-1
0
-1
-1
0
0
0
0
0
0
-1
-1
0
0
-1
-1
0
0
1
0
1
0
-1
0
0
0
1
0
-1
-1
-1
0
0
-1
-1
0
-1
-1
-1
0
-1
-1
0
-1
0
-1
-1
-1
-1
0
-1
0
-1
0
0
0
0
0
-1
0
-1
-1
0
0
0
0
0
0
-1
0
0
0
-1
1
1
-1
0
0
0
0
0
0
0
0
0
0
0
0
0
-1
-1
0
0
-1
0
0
-1
-1
-1
-1
-1
0
-1
-1
-1
-2
-1
-1
-1
0
-1
-1
-1
-1
-1
-1
0
-1
0
-1
0
-1
-1
-1
-1
-1
-1
-1
-2
-2
-1
-1
-2
-1
-2
0
-1
-1
-1
-1
-1
-1
-1
0
0
0
0
0
0
0
-1
0
0
0
0
-1
0
0
0
0
1
0
1
0
0
0
1
1
0
0
0
0
0
0
0
0
-1
0
0
0
0
-2
-1
-1
-1
-1
-1
-1
0
-1
-1
0
0
0
0
0
1
1
0
1
1
1
1
1
1
1
1
0
1
1
1
1
1
1
1
0
0
1
0
1
1
1
0
1
1
2
1
0
0
1
1
0
0
0
0
0
1
1
1
0
0
1
0
0
0
1
0
0
0
0
0
0
0
0
1
0
1
0
0
0
0
1
1
0
1
1
1
1
0
0
0
1
0
-1
-1
0
0
-1
1
-1
-1
0
0
-1
0
-1
-1
0
0
-1
0
0
-1
-1
-1
0
0
0
0
0
0
0
0
0
1
0
0
0
0
-1
0
-1
0
0
0
0
1
0
0
0
0
0
0
0
-1
0
-1
-1
-1
0
0
0
0
-1
0
0
0
1
0
0
0
0
1
0
-1
0
1
0
1
1
0
1
0
1
1
-1
0
0
0
0
0
0
0
0
1
0
0
0
1
0
0
-1
0
0
0
0
-1
0
0
0
0
0
0
-1
0
0
0
0
0
0
-1
0
0
0
0
0
0
0
0
0
1
0
0
0
0
0
1
1
0
1
0
1
0
1
1
1
1
0
0
0
0
0
0
-1
0
0
0
0
0
0
0
0
0
0
0
0
0
0
0
1
0
1
-1
2
-3
4
-12
-17
4
-2
1
-1
1
-1
0
-1
0
-1
-1
0
-1
-1
0
0
-1
-1
-1
-1
0
-1
0
0
0
0
1
0
0
0
0
1
0
0
1
0
1
1
1
1
1
1
1
1
1
0
0
1
0
0
1
1
0
0
0
-1
0
0
0
0
-1
1
0
-1
-1
0
0
-1
0
0
0
-1
0
0
0
0
0
0
0
0
0
1
0
1
0
0
0
0
1
0
1
1
0
1
0
0
1
1
1
1
0
1
1
1
1
1
1
0
1
1
1
1
1
0
0
0
0
1
0
1
0
0
1
1
1
1
0
0
1
1
0
0
0
0
1
-1
0
0
0
0
0
0
0
0
0
0
0
0
-1
0
-1
0
0
0
0
0
0
0
0
0
0
0
0
-1
0
0
-1
0
0
0
-1
-1
0
1
0
-1
0
2
0
0
0
1
1
-1
-1
1
1
-1
-1
2
1
-2
-1
1
1
-2
-2
0
1
-1
-1
0
1
0
-2
0
1
0
-1
-1
0
0
-1
-1
-1
0
-1
-2
0
1
1
-2
0
1
0
-1
0
2
0
-2
1
2
0
-1
0
2
1
-1
0
1
1
-1
0
1
1
0
1
0
-1
2
1
-3
-1
3
1
-3
-2
3
4
-3
-3
4
3
-4
-5
3
5
-3
-5
2
4
-2
-3
0
2
0
-2
0
1
0
-2
-1
2
0
-2
-1
0
-1
0
1
1
-2
0
2
-1
-2
1
2
-2
-2
2
2
-2
-2
1
3
0
-1
0
3
0
-3
0
4
2
-2
-2
3
1
-2
0
2
-1
-2
2
2
-4
-2
2
2
-3
-3
0
2
0
-3
-2
1
3
-3
-3
0
0
-3
1
1
-4
-2
2
0
-3
-1
-1
-1
3
1
-5
-2
4
2
-3
-2
2
1
0
-1
-2
0
3
1
-4
-2
4
2
-4
-2
4
2
-2
-4
1
6
-1
-6
2
5
-2
-3
1
3
0
-3
0
4
-1
-4
4
2
-4
1
5
-1
-5
3
5
-5
-2
5
1
-1
1
-1
2
5
-5
-5
5
5
-4
-4
3
4
-1
-3
0
1
0
-1
1
2
-2
-2
3
1
-2
-3
-1
4
2
-5
0
3
-1
1
-1
-4
2
3
1
3
-6
-6
9
6
-6
-4
-2
2
7
2
-6
-5
1
3
5
2
-5
-8
-2
9
10
-6
-12
-1
8
5
-2
-9
-2
5
0
-2
2
0
-4
-3
3
8
-2
-9
0
8
-1
-6
-2
1
5
2
-8
-11
5
15
1
-10
-8
-5
4
11
6
-8
-16
2
18
3
-13
-5
1
0
7
8
-7
-12
3
13
8
-5
-12
-9
-1
17
20
-5
-20
-12
4
16
12
0
-10
-10
1
7
2
-9
-6
12
17
1
-16
-13
1
12
16
2
-11
-16
-10
14
18
3
-1
-1
1
-8
-11
-4
4
11
8
7
-2
-5
1
-12
-14
6
20
2
-9
-11
-8
9
17
15
2
-3
-18
-22
-10
-1
18
22
12
2
5
-11
-28
-18
-11
16
35
26
-3
-24
-16
0
10
-6
-8
-7
4
21
9
5
-10
-23
-13
25
23
2
-22
-22
-7
5
12
9
4
-5
-1
11
-6
-21
-19
-10
17
27
30
3
-25
-36
-9
12
20
12
0
-7
-15
-7
11
5
-1
16
-7
-3
1
-9
-18
-9
23
26
7
-15
-38
-5
12
24
16
-13
-17
-16
0
20
9
-2
0
-1
2
3
-13
-23
4
23
31
14
-20
-24
-25
8
13
11
8
-4
-7
2
12
6
-11
-7
0
4
5
4
-12
-7
7
3
16
5
-3
-15
-4
5
5
-12
15
-11
-4
-3
19
13
-12
-7
-11
0
1
2
9
4
-5
10
9
5
-19
-19
-6
20
27
10
-21
-35
-18
26
30
15
0
-20
-12
13
3
-4
-14
-7
24
11
1
-13
-27
-6
-3
27
21
8
-9
-8
24
10
-15
-28
-25
-7
25
31
2
-11
-12
-10
-4
3
26
-1
-5
-16
2
18
-4
-18
-13
2
18
23
-12
-26
-30
-2
29
24
-6
-4
7
-4
7
-4
-20
-27
-18
27
30
9
-11
-18
-2
-1
16
-1
-3
-14
6
19
12
-8
-44
-23
6
46
34
-11
-37
-18
7
8
14
-3
1
6
13
21
-11
-34
-33
4
30
29
11
-6
-15
-8
-10
-6
16
18
9
-8
-23
-4
8
10
-3
0
2
3
5
-23
-10
6
2
-1
14
1
-5
-8
3
6
9
7
-15
-29
-11
18
23
8
-8
-8
-24
-1
20
9
1
2
21
1
-20
-39
-28
21
27
27
9
-21
-19
0
3
6
9
-4
-12
0
7
8
-6
-22
0
25
19
3
-35
-18
-4
22
21
6
-13
-15
-4
17
22
2
0
-31
-21
-3
32
18
4
-1
-2
-12
-10
2
-14
-20
10
39
28
0
-35
-39
-3
15
13
14
-6
-5
-15
2
-3
5
-4
-11
3
35
18
-22
-40
-30
12
35
20
-6
1
-10
-24
-5
1
-13
6
21
24
30
-1
-40
-43
-15
29
34
-4
-16
-7
6
2
-15
-5
2
6
10
13
0
-17
-17
-19
4
19
14
13
-7
-14
-10
5
8
4
0
4
8
17
5
2
-16
-23
-2
-2
12
-6
-4
8
-1
5
7
2
-2
-12
2
4
14
-3
-31
-15
13
35
28
-6
-25
-16
5
4
2
-8
6
18
21
14
-11
-26
-26
-12
8
22
2
-3
12
6
-5
4
-13
-7
-11
-3
17
14
0
-9
-10
6
4
4
-8
1
-3
-2
-2
4
3
0
9
9
14
0
-10
-16
-25
-13
14
25
12
1
2
-7
-14
-6
1
4
0
11
12
-2
-5
-22
-14
-3
22
11
-6
-9
-4
13
8
0
-11
-18
-7
27
23
4
-20
-48
-9
15
30
20
-4
-4
3
1
-8
-30
-29
11
35
37
13
-8
-40
-23
-7
16
26
3
-12
-12
-1
4
17
-4
-3
0
14
8
-2
-21
-19
1
9
21
12
-1
-16
-7
-4
-5
6
9
-1
-1
11
12
2
-12
-18
-6
4
21
-3
-16
-5
2
34
9
-26
-22
-11
19
43
22
-12
-48
-45
-4
31
34
7
-21
-15
5
20
3
-35
-27
12
51
28
-9
-31
-29
-5
8
20
12
-12
-14
3
-2
17
4
-14
-4
6
12
6
-24
-14
4
13
7
-8
-15
5
2
10
15
-5
-15
-7
-3
6
27
14
-5
-28
-21
-3
4
14
16
14
4
-14
-5
-3
-8
-15
2
15
20
10
-19
-29
-5
17
5
-6
-4
3
4
7
4
-14
-16
1
33
28
-3
-23
-22
-5
17
12
-19
-5
-4
28
25
-5
-19
-18
-21
-2
28
34
-5
-12
-13
-3
-4
-6
7
-1
10
14
-4
-16
-4
3
8
4
2
5
11
-3
-9
-30
-16
2
25
23
1
-21
-11
-2
12
19
-7
-16
-1
22
17
10
-26
-16
-5
-5
-5
1
15
30
23
10
-19
-46
-24
12
19
19
12
-8
-17
-10
-11
-9
11
8
7
11
2
-14
-28
-8
2
29
32
12
-15
-40
-12
-6
3
12
23
9
-2
-6
-12
6
-11
-1
-2
4
11
27
-5
-32
-6
9
21
-5
-17
-10
-2
17
10
-3
-22
-12
21
38
29
-14
-43
-53
-12
25
36
21
-6
-12
11
2
-5
-22
-22
-10
39
36
2
-22
-38
-6
20
29
-2
-10
-28
3
-5
18
17
-4
-1
-11
0
5
7
-17
2
15
1
-21
-20
-4
19
28
24
-2
-15
-19
-11
5
9
3
8
7
-2
-12
-7
-3
-11
13
5
22
13
-4
-2
-20
-21
-3
14
10
1
4
6
-3
-9
-4
-3
-7
12
23
2
-11
-16
-13
-6
14
21
20
3
-8
-6
-13
-32
-15
15
23
34
2
-13
-19
-22
-12
19
17
5
2
-3
-3
-9
-14
6
10
8
-5
-11
-13
-3
18
17
0
-6
6
2
-7
-19
-6
-17
5
10
9
-5
-13
7
10
20
4
-12
-31
-18
16
19
15
-22
5
22
8
-22
-47
-15
14
51
38
-2
-29
-40
-13
10
26
30
-7
-19
-21
4
8
-14
-7
9
21
17
6
-8
-32
-23
25
19
4
-8
-4
11
1
-4
-13
-12
-19
4
32
25
-1
-16
-10
-5
2
1
7
-16
-17
9
13
5
4
-5
0
-11
9
34
1
-25
-27
-3
7
32
34
10
-22
-27
-9
4
-14
-6
7
18
25
11
-20
-17
-22
-4
28
20
-16
-25
-8
0
18
17
-2
-25
2
5
18
-3
-11
-9
-4
16
21
-11
-33
-12
25
21
-1
-28
-36
-11
23
38
20
-7
-21
-16
-8
8
-2
7
-1
9
1
6
-8
-16
-4
22
20
-7
-9
-17
-17
7
21
22
14
-15
-25
-24
-6
10
26
7
-5
-1
-4
-3
5
12
8
-23
-12
-4
-4
19
13
22
5
-7
-33
-33
-17
21
33
23
-8
-10
-16
-7
13
5
10
-12
-6
-4
11
-5
7
2
14
15
-10
-10
-2
4
12
15
-1
-11
-2
3
3
8
6
-5
-26
-15
-2
7
20
31
15
-5
-26
2
7
11
-8
-12
-9
15
34
14
-23
-22
-26
18
47
24
-6
-49
-24
8
36
32
-16
-42
-4
14
12
-19
-30
-10
21
40
26
-12
-24
-22
3
29
-1
-9
-15
-2
12
12
0
-13
-18
-7
0
21
11
-9
-8
-1
-1
-1
12
-6
-18
-8
16
-1
-3
-5
1
3
23
9
-7
-20
-15
-6
13
27
15
-9
-28
-2
17
17
-9
-17
-15
16
27
10
-28
-22
3
24
29
5
-20
-29
-9
1
33
12
-15
-20
-17
11
26
24
-16
-8
4
5
6
-25
-26
-8
30
43
5
-22
-37
-18
10
10
21
-9
-4
5
17
14
-11
-20
-12
7
8
13
-5
-1
0
4
6
2
8
-9
-16
-3
11
17
7
5
-30
-15
11
20
19
-23
-23
-11
-1
23
23
-1
-19
-6
12
12
-2
-25
-17
6
15
30
10
-23
-34
-13
19
25
4
-11
-24
11
30
11
-17
-20
-12
8
34
-15
-16
-10
8
8
9
10
-11
-10
4
16
2
-15
-19
-11
6
18
20
-10
-12
-12
-10
-5
-9
11
18
-5
-6
20
6
6
-15
-23
-5
-4
13
14
-21
-11
-3
23
20
25
2
-29
-32
-8
17
9
-5
-11
11
15
11
-8
-32
-3
4
13
8
-7
-8
4
22
9
13
-17
-23
-22
3
20
17
-6
-3
19
9
-5
-20
-15
1
17
23
6
-16
-17
-10
3
10
16
-2
-8
-2
-1
2
-6
1
10
0
-6
9
15
9
-23
-25
-18
6
22
23
7
-24
-17
16
6
-11
-24
-4
16
31
34
-14
-26
-38
2
12
17
-3
-20
-1
-11
16
17
2
15
-2
20
4
-21
-32
-32
19
26
25
8
-20
-14
6
-6
-4
-14
-16
11
32
30
16
-16
-32
-37
-7
-2
24
18
12
11
-25
-20
-2
-2
14
2
-1
10
20
1
-43
-33
3
37
44
18
-32
-34
-23
4
24
17
-9
9
16
12
-3
-23
-45
-2
30
27
0
-20
-18
-6
20
15
15
-15
-7
-4
26
4
-9
-16
-16
18
27
25
-22
-32
-15
2
30
11
-7
-12
7
26
25
-2
-28
-45
-32
9
14
17
12
8
7
-16
-9
-12
-15
-4
20
40
20
2
-39
-40
-15
15
21
24
-18
-24
-10
26
22
11
-1
3
-10
22
11
-19
-45
-45
3
27
39
15
-2
-10
10
-3
6
-18
-17
-15
20
10
13
-6
-18
-26
4
16
13
-10
-3
10
5
3
11
11
-8
1
-2
-3
-17
-9
-5
18
4
-1
-9
4
9
-2
-13
-13
-9
5
13
-4
11
14
8
3
-12
-7
-24
-15
1
21
23
12
-2
0
-24
-29
-9
20
31
25
7
-36
-39
-7
24
22
11
-9
-23
-17
4
-3
-10
-8
40
53
45
-11
-50
-57
-56
1
39
34
17
-9
-5
-6
3
8
5
1
3
17
5
-1
-34
-35
-9
8
8
25
29
22
12
-3
-23
-34
-8
9
22
35
19
-6
-59
-49
-33
8
24
29
19
-5
-20
-8
18
-6
-6
-1
14
21
-1
-16
-42
-28
17
36
33
-8
-1
-13
-3
7
-3
-7
-20
-11
37
33
-4
-37
-48
-10
26
42
19
7
-10
-16
-8
-9
-23
-18
13
43
35
25
-16
-37
-28
-1
10
10
12
0
7
1
-6
-18
-17
4
11
30
23
-1
-20
-32
-11
-8
24
14
0
-19
-5
11
15
21
-17
-24
-18
21
14
17
0
-10
5
-18
-10
-1
4
1
-2
18
13
12
-19
-25
-24
24
46
8
-19
-43
-12
23
28
5
-6
3
-3
5
-10
-25
-15
7
44
37
6
-33
-43
-27
6
19
18
0
3
16
14
1
-26
-42
-19
21
46
34
-4
-30
-28
-8
3
10
6
13
18
6
-8
-21
-17
-14
-8
27
39
19
-19
-27
-32
-5
14
19
18
-5
-7
-4
6
-5
-9
-9
1
13
12
23
4
-30
-34
4
17
15
3
-24
-14
8
25
10
-14
-23
-5
24
25
2
-17
-23
-11
-15
-12
1
11
52
43
12
-29
-77
-59
-15
37
79
72
22
-31
-70
-68
-23
5
42
53
40
-6
-32
-55
-27
12
42
62
30
-28
-57
-57
-38
20
42
45
30
-4
-23
-29
-14
0
2
11
11
15
9
5
-23
-31
-4
6
39
22
-7
-16
-25
-28
-13
6
10
40
50
43
2
-29
-57
-60
-22
13
41
28
16
-3
-28
-17
-11
12
31
47
36
1
-44
-74
-56
-9
43
48
38
-9
-47
-35
4
45
58
33
-16
-41
-54
-40
1
21
39
58
23
-6
-50
-70
-40
26
52
57
15
-16
-33
-34
-10
11
27
14
8
-7
-7
-19
-14
-5
35
35
33
-2
-41
-40
-31
1
43
40
6
-12
-8
-4
-17
-17
-21
17
13
17
-2
-11
5
8
-3
-2
21
23
13
-40
-67
-30
-54
2
21
70
36
50
60
29
-49
-28
-1
153
68
-34
-513
-661
-751
-74
1309
1930
2440
1445
-586
-2745
-3717
-3653
-1833
1094
4254
5608
4683
911
-2860
-5436
-4974
-2272
1033
3410
3771
2224
-485
-2095
-2427
-1432
-48
1867
3007
2041
212
-2048
-3576
-2863
-334
2365
3312
2693
602
-1810
-3037
-2693
-757
1290
3174
3468
1374
-1088
-3322
-3198
-1997
964
3437
3276
1863
-628
-3080
-3726
-2392
690
3081
4059
3217
487
-1978
-3654
-3305
-1706
1100
3133
2932
1114
-1031
-2113
-2037
-674
1405
2786
2423
668
-1715
-3347
-3026
-1232
1016
2388
2958
2115
95
-1675
-2267
-1026
-2
1006
1346
592
-717
-1617
-1142
-280
1061
2014
1858
601
-687
-1454
-1696
-1063
-128
724
1112
916
388
-404
-529
-227
181
575
627
194
-720
-962
-752
-352
40
586
1080
968
326
-443
-705
-618
-267
202
397
327
69
-207
-441
-362
190
531
560
363
86
-379
-679
-608
-266
115
496
710
467
71
-337
-463
-320
-23
287
404
254
-96
-399
-459
-359
41
491
669
522
141
-260
-623
-695
-419
71
510
597
396
31
-313
-445
-283
62
297
328
262
15
-309
-414
-151
171
271
308
191
-117
-429
-406
-154
181
457
483
241
-124
-341
-446
-389
-79
301
446
351
186
-85
-376
-403
-181
65
208
316
250
17
-205
-301
-195
52
296
313
165
-13
-199
-347
-312
-70
123
185
214
182
49
-81
-122
-111
-106
-53
8
30
27
63
110
59
-52
-127
-158
-123
26
194
220
104
-36
-124
-112
-37
27
58
77
42
-34
-78
-74
-73
-39
56
129
143
71
-33
-154
-185
-107
18
96
128
117
55
-30
-71
-77
-79
-62
-6
38
30
22
17
8
8
52
60
27
-27
-67
-99
-68
-7
33
46
69
54
9
-42
-49
-60
-35
22
72
55
3
-31
-51
-40
-21
8
1
30
28
15
-16
-10
-8
5
22
30
10
-19
-37
-48
-23
18
40
38
37
34
9
-26
-30
-63
-50
-40
23
45
64
57
27
11
-22
-27
-46
-37
-25
-15
3
9
19
28
26
33
13
16
-14
-28
-52
-37
0
23
45
15
-13
-37
6
20
1
-4
8
15
26
34
-21
-76
-47
17
43
43
1
-51
-38
37
51
-3
-24
-19
3
30
41
-20
-72
-30
42
74
46
5
-59
-65
-18
23
7
-21
-6
23
41
52
1
-52
-52
14
43
29
-22
-42
-32
-10
25
-2
1
-1
61
33
15
-37
-49
-46
6
26
-12
2
34
31
2
-8
-36
-30
2
30
-22
-10
0
17
8
37
3
-21
-6
16
13
-25
-39
-16
19
5
8
16
11
-21
-4
25
3
-12
1
-1
7
-9
-4
-7
-10
-16
2
38
25
-6
-7
-9
-11
-7
11
-5
-23
0
30
20
-9
-5
-10
-25
-12
35
14
-22
-17
32
3
-5
15
-14
-36
-3
26
33
-4
-17
1
-13
-10
32
29
-40
-46
7
50
38
-5
-46
-37
6
70
45
-52
-82
-18
50
50
0
-45
-29
30
69
38
-26
-73
-64
23
52
5
-32
-23
19
49
49
22
-37
-59
-25
37
25
-31
-35
-28
35
57
45
-12
-69
-34
12
9
-22
-35
1
19
46
46
0
-36
-48
1
17
-1
0
18
35
21
-22
-28
-15
-2
-1
3
7
36
36
17
-22
-32
-11
-1
2
-15
-23
-25
-5
26
36
19
17
8
11
-1
-22
-36
-42
-20
32
51
32
-2
1
-5
-25
-17
-1
-9
-10
12
37
21
-16
-1
4
5
9
9
-13
-32
-15
-8
-7
3
26
24
19
21
0
-24
-42
-27
-7
16
22
28
31
14
-14
-49
-36
0
0
-4
15
51
44
22
-21
-29
-32
-23
-18
0
16
26
20
11
7
2
-6
-29
-29
-24
12
27
-7
-7
18
24
23
-1
-14
-28
-15
-1
7
-8
-5
15
18
23
12
-8
-35
-22
8
10
2
0
-1
12
10
2
2
-18
-4
-1
6
7
1
-10
-14
0
6
10
7
1
-1
1
5
-7
-14
-2
0
2
11
17
7
-10
-18
0
-4
-5
14
-4
2
12
6
3
-8
-18
-15
2
-1
16
9
-14
-17
8
5
-1
-12
-20
-4
6
20
13
-1
-5
16
15
6
-4
-15
-20
-3
-3
24
10
-8
-8
10
11
-4
-25
-13
0
4
19
11
-12
-9
1
-3
-6
-3
1
3
5
14
9
-18
1
0
2
-9
5
3
13
1
-9
-3
-1
-2
1
10
-8
-15
0
15
5
-9
-4
2
12
6
1
-11
-8
-6
3
19
-3
-11
-11
4
-4
20
-6
-12
-21
10
27
-1
-13
-10
1
11
3
-3
-4
2
6
-4
-3
13
-2
-8
2
9
13
-6
-1
-11
-6
-3
16
5
6
-17
2
-1
6
-6
-9
-8
-8
11
14
4
-16
-7
0
12
13
-1
-13
-9
-12
4
20
11
-22
-11
5
26
19
-7
-30
-18
6
15
-4
-9
10
15
11
-4
-9
-8
-9
-16
8
21
23
5
-29
-21
-2
16
14
3
-3
-3
3
0
-3
-19
-17
28
34
4
-7
-34
-13
1
7
10
3
7
20
3
-14
-15
-19
-6
9
7
24
4
7
-10
-10
-9
-14
3
-3
7
17
15
8
-14
-17
-21
-3
19
13
11
-19
-19
-23
9
16
11
5
-4
-5
0
-4
-11
2
0
5
20
21
2
-12
-22
-1
-9
2
2
-5
3
15
14
2
-14
-21
-11
-3
9
28
12
-14
-24
-19
1
2
14
18
15
-6
-25
-21
-1
-6
-2
5
24
31
1
-24
-32
-18
-6
15
11
6
24
-3
4
-12
-22
-22
-9
31
38
16
-25
-27
-7
10
25
10
-16
-14
1
14
9
-16
-29
-11
17
30
32
-4
-29
-32
-7
13
10
-10
9
27
20
5
-18
-40
-41
0
47
40
17
-8
-12
-31
-19
13
6
9
8
15
0
-25
-19
1
12
8
10
3
-5
-8
-31
-5
18
28
15
2
-5
-20
15
2
7
-6
-14
0
9
26
9
-9
-11
-4
-13
-13
-13
-1
10
25
23
10
-26
-35
0
14
26
1
-4
-21
-15
24
16
-1
-13
8
18
8
-3
-33
-28
11
19
27
4
-17
-8
5
-2
-17
-10
0
11
12
-3
13
6
-14
-4
-9
5
-4
-2
3
16
28
11
-5
-32
-33
-1
6
24
27
28
-9
-40
-33
-5
22
38
29
-16
-26
-19
-3
-1
-8
5
22
23
5
-12
-24
-31
6
18
20
10
0
-13
-13
3
4
5
-13
-12
16
5
7
-8
-5
4
7
2
-4
10
-10
-6
13
5
-21
-10
1
27
14
15
-9
-24
-21
-10
23
10
4
9
12
-7
-10
-4
-11
-20
-15
14
33
29
9
-24
-25
-5
9
8
7
1
-13
4
9
2
-2
-25
-17
2
33
22
8
-21
-33
-16
2
36
14
-7
-9
-7
-1
-14
-23
-4
7
27
43
-1
-42
-33
8
36
20
4
-15
-15
-21
9
18
-2
-7
-10
0
19
4
-8
-17
-1
22
32
-14
-38
-14
6
31
2
-10
-13
-18
-8
13
34
27
-1
-12
-11
-23
-11
4
13
16
10
12
-18
-30
-27
9
24
14
8
4
-15
-23
-14
6
15
24
14
-28
-17
-12
0
4
10
9
9
7
-3
3
-14
-7
5
15
18
-11
-44
-18
20
33
22
-1
-20
-5
-6
-16
-4
7
34
7
-1
1
-8
-6
-5
1
-1
-8
6
-10
4
0
-1
1
17
12
-2
-18
-33
-8
5
13
3
0
6
7
-2
-19
-20
2
8
14
8
5
-18
-8
17
21
-5
-23
-20
-1
22
21
-5
-22
-20
3
23
11
1
-7
-11
2
14
-3
-19
-11
-8
15
26
11
-16
-42
-7
20
31
24
-3
-15
-24
-2
2
6
-1
-6
-3
3
3
-3
4
3
0
-4
12
3
-9
-17
-13
14
25
18
-3
-32
-10
7
23
13
-10
-23
-20
3
21
28
-3
-19
-8
0
10
-1
-37
-11
9
28
33
-7
-23
-1
-3
12
14
-14
-22
-12
16
29
23
-24
-18
2
8
22
-5
-26
-15
2
18
23
-1
-21
-6
11
11
-3
-16
-13
4
8
19
2
-12
-9
3
7
-8
0
-3
4
19
4
-2
-13
-8
-6
9
6
4
0
-12
-6
2
9
9
3
-11
1
-2
3
-2
12
3
-10
-8
-2
16
14
5
-7
-8
-15
3
0
3
-5
12
29
18
4
-46
-56
-8
26
34
26
-6
-11
-22
-4
11
4
-9
-1
14
2
-3
-6
-3
17
3
1
-4
-16
-6
-10
1
7
10
24
13
-8
-19
-11
-8
-3
2
-12
14
2
20
9
-11
-20
-16
16
8
8
-12
-13
3
25
15
-10
-29
-18
1
26
15
-11
-27
-18
22
35
12
-22
-37
2
25
23
-6
-47
-11
18
24
18
-9
-22
-6
20
20
-12
-28
-10
7
31
16
-6
-14
-23
-8
11
14
2
-3
-1
4
9
-4
-7
-8
-14
21
21
3
-13
-18
-9
12
27
16
-3
-12
-15
-1
-6
-11
-5
7
23
19
17
-13
-22
-30
-14
12
29
18
-4
-21
-8
-5
15
10
-8
-7
-16
20
18
1
-15
-14
0
29
7
-9
-23
-15
-9
24
20
-6
-23
-8
28
19
-5
-21
-10
2
5
-6
-5
1
10
13
16
-17
-12
-21
6
18
15
7
-4
-4
-1
-1
-16
-13
0
16
15
-3
-25
-8
6
7
12
13
-5
0
9
2
-29
-30
-15
13
35
40
1
-31
-15
-2
4
-16
-8
9
38
21
-10
-24
-26
-9
14
11
11
-5
-17
-14
-1
27
15
6
2
-4
-11
-25
-1
-1
20
16
9
15
-16
-14
-25
0
13
22
9
-4
-21
-23
10
34
27
-14
-21
-34
-18
7
12
14
4
15
2
-2
-13
-19
-5
16
51
12
-22
-71
-49
-34
45
75
5
124
-46
-61
7
-138
-5
-61
12
187
93
66
-65
-59
-169
-43
94
-45
148
42
-16
-20
-113
-6
-214
-85
174
68
176
216
35
-85
-116
-146
-154
-40
49
76
7
-12
34
-43
-3
167
202
169
29
-140
-238
-317
-197
71
202
92
198
145
-210
-113
-66
-56
60
168
352
50
-149
-181
-380
-210
-58
260
231
118
139
-138
-135
-118
42
102
131
213
-9
-75
-231
-324
-184
-11
337
241
186
100
-144
-257
-78
65
-67
-10
95
118
67
-71
-56
-199
-58
189
203
87
-76
-96
-127
-85
-3
165
85
11
112
66
-120
-237
-189
-89
71
267
184
25
-92
-51
-84
-139
21
67
28
25
120
86
-130
-97
1
-22
-23
31
65
16
59
100
4
-149
-78
19
-26
-54
51
141
19
-15
45
-34
-124
19
107
-24
-101
-1
42
-68
-22
89
15
-17
144
29
-114
-23
-72
-95
41
118
-27
-24
23
39
-15
-2
73
-39
-79
48
51
-115
23
39
-8
-39
61
22
-57
8
81
-6
-69
2
-3
-25
-69
81
88
-51
-6
57
-43
-101
61
54
-44
-24
62
-12
-69
16
35
-24
-38
53
56
12
-72
-4
-11
-48
18
74
10
-44
-33
-2
54
37
-41
-27
18
15
10
0
-26
-34
-17
65
66
-46
-44
12
8
-33
11
17
-18
-16
28
26
-16
-21
-13
-14
-40
3
72
4
-52
32
48
-39
-19
22
-2
-14
28
16
-8
-16
-7
2
-17
3
42
3
-27
10
4
-26
-17
11
24
-13
17
32
5
-5
-56
2
-8
-7
21
19
-5
-11
20
-11
-12
-2
-50
36
32
-9
1
9
-20
-27
33
-27
-18
2
14
-2
-3
34
9
-21
10
2
-15
-2
6
-19
5
15
7
17
-15
-16
9
21
-8
8
2
-34
-1
5
-1
23
7
8
-28
-19
17
-13
0
24
-4
5
24
-18
-23
6
-13
-10
34
17
4
-23
-25
5
9
4
11
-8
-3
6
-4
-4
-23
-5
30
11
-6
2
-8
-15
10
24
-6
-23
-16
-4
4
25
34
-20
-37
1
-4
11
5
-5
-8
16
3
-5
-23
-21
19
22
25
8
-16
-31
-20
35
21
36
26
-41
-25
-22
-12
-1
-10
3
23
9
27
-6
-32
-36
0
18
24
22
-21
-7
-4
-17
18
-6
-11
23
-4
21
13
1
-3
-22
-7
22
-5
12
8
-11
-3
-14
-24
-12
-2
24
30
18
11
-23
-32
-22
16
20
16
-1
-14
4
-4
-13
8
-9
-3
27
11
6
-11
-56
-14
25
29
24
-3
-27
-21
-19
-11
15
2
9
15
-10
-3
4
-7
5
-19
-4
15
7
25
9
-4
-18
-3
5
-6
0
0
6
-3
8
11
-7
-16
-5
18
20
-1
-30
-20
-8
11
18
3
5
-6
-6
-9
-7
-5
5
11
31
9
-18
-23
-26
14
28
5
-14
-19
-8
-1
6
20
15
1
-21
-2
5
-4
-6
-13
-7
29
19
-10
-20
-13
11
17
9
8
-4
-23
-2
5
8
16
5
-9
-13
-18
7
-3
5
-5
-3
14
23
8
-16
-16
0
17
11
-15
-27
-2
8
27
19
10
-23
-27
-3
9
6
-9
2
22
9
4
-17
-20
-22
2
22
10
10
-16
-19
-7
11
14
4
-12
1
-6
-4
-1
11
18
-1
-6
-4
-8
-3
13
-5
-5
-15
2
25
17
-2
-7
-13
3
11
7
-17
-21
-6
12
22
-1
-17
-14
4
40
22
-10
-34
-31
6
16
29
3
-13
-10
19
3
-20
-26
-19
4
41
31
4
-20
-35
8
24
10
-12
-25
-30
6
24
17
6
-9
-6
13
-2
9
-18
-37
3
13
34
15
-19
-36
-9
22
8
18
-13
-26
-21
18
26
11
9
-16
-16
13
5
-6
-20
-4
11
38
61
-51
-47
-75
30
74
98
-59
-96
-38
52
-57
171
182
-235
78
-282
-242
76
650
304
-518
-262
83
-107
203
273
-520
-85
924
4
-1204
-333
868
458
283
-298
-745
18
332
231
-319
-445
143
623
497
-265
-589
-30
-44
-9
258
-451
370
893
-810
-280
-95
107
425
-120
139
-337
507
-26
-891
70
-325
802
967
-153
-529
-655
-210
-218
773
216
-184
513
167
-751
-783
292
368
588
128
-461
-60
-337
48
-336
288
728
491
-168
-1292
-152
240
400
666
-338
-92
-65
-145
-438
-162
654
299
433
-231
-917
-221
143
309
307
185
202
-234
-296
-446
-243
425
598
173
-83
-404
-156
-96
-122
176
199
385
0
-317
-163
-251
29
322
228
-67
-174
-17
-28
130
-30
-167
-90
218
306
-235
-241
165
178
-117
-218
100
156
-71
39
54
-57
-37
-19
-126
-36
165
217
24
-207
-146
-57
103
175
26
-66
-62
72
-14
-267
-18
260
207
-11
-206
-117
-11
71
-2
37
187
52
-136
-279
-45
197
130
53
-60
-51
-19
-32
-97
-36
186
173
-22
-183
-95
-32
43
119
75
43
-36
-108
-97
-70
12
120
155
82
-86
-213
-51
94
67
-10
-6
37
-19
-16
-27
-35
-14
29
140
11
-142
-126
6
177
172
1
-136
-129
-76
-27
63
111
134
47
-116
-134
-45
0
16
54
91
90
-29
-127
-132
-21
86
110
87
-47
-104
-23
17
0
-26
-1
45
56
19
-3
-37
-56
-47
-13
38
60
44
-19
-26
-9
-18
-23
-13
28
-12
5
56
43
2
-75
-71
-22
37
76
34
-6
-27
-32
-31
-9
33
45
10
-22
2
-2
-19
-31
-21
26
41
27
-17
-31
-10
-19
-6
28
39
-9
-27
-10
27
8
-20
-15
10
12
-7
-24
5
16
19
-5
-6
2
-18
-26
6
32
30
-3
-15
-19
-14
-4
6
17
1
-13
-4
6
8
1
4
22
8
-7
-22
-12
-8
-14
-5
22
33
12
-19
-19
-1
10
-5
-8
9
8
1
4
11
0
-23
-19
3
12
5
-2
2
10
7
-8
-14
-10
1
6
13
19
8
-15
-34
-22
6
17
14
13
20
5
-24
-28
-8
7
4
11
21
11
-11
-18
-6
-1
0
4
12
10
-4
-12
-2
7
2
-6
-3
6
8
5
4
2
-8
-15
-11
5
12
8
2
5
-1
-11
-20
-6
6
19
19
20
4
-12
-28
-19
-6
7
9
13
11
0
-13
-18
-7
5
20
24
21
-4
-25
-31
-13
-2
15
12
17
-3
5
-5
5
-23
-12
-7
25
19
16
-4
-17
-22
-19
3
10
7
0
5
-4
13
-3
-4
-14
-4
11
28
0
-9
-31
-28
-3
22
31
32
10
-16
-25
-30
-15
0
7
20
35
18
-5
-27
-34
-12
5
16
19
4
-15
1
7
-1
-1
-2
-15
7
8
11
9
-17
-27
14
15
12
2
-25
-4
17
10
8
-18
-35
3
21
25
23
-13
-29
-9
-6
18
13
-11
-9
5
-2
11
0
-12
-3
-1
2
14
0
-5
-3
-8
-2
6
5
-1
-8
-9
12
8
7
-8
-17
-9
20
20
25
-10
-33
-13
-6
9
19
7
10
3
2
-1
-27
-27
-18
28
48
36
2
-41
-49
-18
14
23
12
-2
-10
0
5
17
-7
-33
-10
27
34
4
-19
-26
-10
14
27
9
-22
-29
10
13
15
-4
-19
-11
-5
25
21
11
-4
-21
-17
-11
7
6
6
2
6
18
8
-12
-25
-19
9
28
27
12
-19
-33
-17
0
11
16
12
1
-13
1
12
-5
-31
-19
31
42
21
-24
-33
-15
10
24
7
-19
-22
8
25
30
2
-25
-33
-19
29
36
8
-20
-25
1
-2
-1
-1
-2
-1
16
13
7
-20
-19
-4
8
25
23
4
-24
-15
-5
11
-5
-3
10
15
-1
7
-14
-25
-5
-10
19
37
-2
-14
-15
-23
18
12
-4
-3
-8
-4
9
15
-5
4
-19
-10
24
20
17
0
-21
-2
-11
-14
4
-11
3
29
19
1
-16
-50
-7
32
9
28
-10
-38
21
8
-5
-7
-28
-13
33
19
-1
-3
-25
-2
27
15
17
-14
-36
-12
25
7
-3
-4
-34
4
15
10
13
-8
-16
4
-7
-2
14
2
-2
20
-1
-16
-16
-16
1
20
11
11
26
-15
-19
-35
-17
42
29
3
-11
-39
-14
9
-7
16
5
-23
8
5
4
31
-6
-17
8
-6
9
4
-15
14
15
-6
-11
-21
-25
6
8
15
33
12
-12
-38
-41
-3
31
18
7
-11
-18
5
-1
-3
7
-7
-1
19
14
-2
-29
-16
24
43
31
-10
-32
-31
-22
9
1
12
16
6
10
-1
-15
-25
-19
-9
29
27
-5
-27
-27
16
19
8
-22
-36
-5
29
33
21
-3
-24
-1
12
5
1
-12
-28
-3
10
14
-8
-29
-16
23
31
27
-11
-31
-17
-5
22
19
-6
-2
-18
-9
0
4
-4
-6
12
4
9
-1
8
15
-4
-10
1
-15
-13
-15
8
19
14
-2
-11
-6
-5
0
1
8
6
-1
8
0
0
-4
-6
-2
-6
3
10
3
-14
-17
11
30
19
13
-23
-31
-9
6
5
4
2
-5
-2
5
4
2
-21
9
8
2
7
-23
-10
9
20
17
-1
-20
-23
-11
1
20
7
-4
8
-5
-8
4
17
3
-15
-17
10
-1
-3
5
1
11
16
3
-23
-18
-8
8
20
14
21
-11
-37
-33
12
38
31
-5
-35
-29
4
24
17
-3
-15
-9
2
14
3
-4
-17
-8
22
9
-4
-19
-10
20
30
18
-28
-32
-20
7
37
21
-6
-19
-14
19
1
-2
-7
-1
9
12
5
-26
-24
-3
27
20
6
-11
-23
-20
4
20
15
3
2
-6
0
-2
-14
-19
-6
26
15
1
-1
-13
-7
0
5
25
5
-3
-25
-16
21
15
1
-14
-13
0
6
21
14
-7
-13
-6
10
2
13
-6
-17
1
21
14
-23
-28
-7
20
18
1
1
-23
5
22
9
1
-14
-21
-3
9
3
6
-2
2
6
4
-2
-6
-25
-2
13
21
13
0
-12
-26
-19
9
13
17
-7
-5
-8
-15
14
5
5
0
-6
-1
14
0
-1
-17
-8
3
21
9
-13
-23
-5
8
29
12
-10
-30
-14
21
24
17
-22
-36
-17
15
39
13
-16
-19
3
9
9
-11
-24
-7
27
39
24
-14
-46
-37
5
29
30
2
-27
-17
-15
-9
25
21
9
0
-2
-7
-9
-12
-13
6
6
22
13
-21
-23
-11
15
47
13
-16
-33
-12
14
10
0
-7
-1
6
14
15
-23
-28
-28
15
27
23
6
-18
-1
-5
19
-13
-15
-31
5
37
18
10
-21
-31
-11
15
32
13
-14
-23
-2
40
8
-20
-25
-22
20
29
3
-10
-10
-14
13
0
-5
7
-1
6
1
-7
0
0
0
4
19
0
-18
-21
-8
22
19
0
-9
-13
6
4
11
3
-7
7
-12
-9
-16
9
-4
1
13
5
3
-8
-4
10
6
-1
6
-7
-4
-6
-16
-10
21
17
9
-2
-15
-15
-1
8
4
-5
-6
6
24
6
-2
-17
-21
3
5
3
-1
3
15
6
-13
1
-18
8
16
17
-7
-6
-8
-8
-11
-3
9
13
16
-8
-6
-21
-7
17
5
0
10
-9
-9
0
-5
2
17
-1
2
6
-10
-9
2
-16
7
13
12
7
-20
-8
31
16
-15
-34
-39
3
32
41
2
-17
-36
8
20
-2
-15
-2
16
20
12
-11
-40
-30
11
29
31
1
-14
-21
-12
-7
7
2
9
17
16
6
-25
-18
-11
10
18
12
9
-14
-12
5
4
9
7
-6
1
4
-3
-2
-8
-8
-4
3
5
-1
4
-4
-4
0
14
7
-20
-16
4
21
19
-1
-18
-21
-8
10
17
11
10
-3
-16
-5
5
4
-6
-14
4
26
24
5
-23
-46
-18
22
30
20
-4
-15
-14
1
-3
-4
0
1
17
16
-9
-18
-10
-14
12
16
18
-7
-13
5
13
-4
-13
-19
-5
10
15
23
10
-20
-23
-3
12
5
2
0
-1
4
-24
-10
3
15
11
7
3
9
-15
-12
-12
-13
2
16
20
6
-6
-22
2
7
3
-14
-11
0
12
35
8
-5
-26
-9
8
7
0
-14
-6
12
20
11
-10
-46
-8
25
31
30
8
-37
-42
-27
18
30
17
-10
8
6
-13
-16
-13
-10
10
36
29
-6
-27
-24
-13
15
9
15
-6
-10
-7
1
-10
-6
5
9
10
11
14
7
-31
-34
-6
14
8
20
11
-9
-4
-11
-2
-11
-5
7
15
38
7
-16
-28
-34
-2
12
17
-5
-3
14
10
-2
-25
-23
6
17
30
1
-9
-18
-27
-4
19
16
-2
-2
-7
0
0
7
-4
-1
1
3
14
14
-1
-15
-24
-6
15
1
-8
-11
8
20
4
-9
-6
4
8
0
-1
6
11
-7
-31
-23
8
30
23
1
-2
-14
-17
6
3
0
2
14
9
-8
-2
-6
-12
-5
1
16
19
5
-14
-22
-1
14
5
8
-7
-9
15
14
-6
-11
-6
2
4
2
-13
-4
6
15
25
-6
-12
-7
-12
13
0
6
5
-16
-2
2
11
0
2
-19
-14
13
9
11
5
-20
-1
10
11
2
0
-20
-19
-10
12
17
-5
-13
0
17
30
16
-32
-38
-20
11
37
28
-21
-24
-18
-12
13
16
18
18
11
5
-5
-37
-32
4
34
25
11
-11
-33
-35
-15
19
29
26
18
-5
-17
-6
-10
-16
9
28
12
-10
-11
-11
-6
13
20
6
-8
-22
-16
5
4
13
8
-7
-11
2
2
6
1
-21
-5
4
1
15
-1
0
-5
-7
21
12
-16
-25
-21
13
39
23
1
-32
-33
1
24
19
4
-15
-21
9
25
0
-22
-27
0
29
37
8
-17
-39
-13
12
19
10
-20
-15
17
12
4
-4
-17
-9
8
21
3
6
-16
-7
-5
-5
1
2
0
3
1
2
2
9
-4
-10
-5
3
16
2
-10
-3
-15
12
18
0
-4
-21
-13
9
29
4
-18
-8
15
13
3
-23
-21
-1
19
18
-6
-19
-23
5
35
15
-10
-8
-29
4
31
18
-8
-23
-1
5
11
-9
-4
-14
-6
27
29
14
-34
-27
-13
28
14
13
2
-19
-8
9
-5
-4
0
-7
4
2
17
1
-17
-7
11
15
12
0
0
-18
-19
-17
22
15
-21
-4
6
29
21
-17
-35
-20
19
19
22
-3
-31
-7
-4
-6
-11
-5
5
31
33
13
-17
-49
-22
-1
44
47
3
-33
-34
-7
9
15
-12
-7
13
10
1
0
-11
0
-13
17
26
-3
-16
-12
-16
1
17
-9
-4
-3
9
1
-6
1
12
14
-6
-14
-8
-5
1
8
17
5
-17
-2
-1
2
-6
-4
11
20
14
-10
-17
-11
-5
8
17
3
-10
-8
-20
-6
0
6
-6
5
31
2
-11
-30
-19
1
30
31
-10
-17
-14
0
21
-2
-29
-19
24
42
17
-3
-22
-33
-7
22
21
13
-12
-15
-11
-15
-2
9
2
0
17
16
13
-17
-36
-21
6
35
40
10
-44
-39
-25
8
36
29
7
-15
-19
-7
5
9
-16
-9
11
29
19
-30
-58
-29
32
70
27
-35
-47
-24
25
45
13
-34
-41
4
69
43
-61
-87
-25
90
115
2
-108
-117
-11
99
121
25
-58
-88
-57
35
69
33
-47
-66
15
98
75
-47
-115
-69
29
72
40
3
-4
-14
-20
-17
21
27
4
-22
-26
10
47
3
-60
-64
3
66
86
29
-50
-87
-48
42
68
32
-42
-52
3
54
27
-35
-66
2
47
46
4
-23
-34
-29
4
53
38
-5
-61
-40
24
56
11
-72
-41
34
76
17
-12
-54
-11
-5
40
-10
9
0
-35
36
-21
53
-42
-19
-25
28
14
22
12
-44
25
-65
23
29
-16
41
-67
15
19
-2
28
-18
-52
27
11
14
22
-61
24
-12
9
41
-15
-6
5
-87
81
-39
23
29
-57
41
-4
-19
22
-29
-9
72
-55
21
-4
-74
75
-16
18
58
-85
33
-29
-9
62
-40
23
7
-53
60
-30
-2
-17
-11
18
35
7
-12
-38
-16
-13
27
45
-31
33
-31
-22
31
-14
23
-2
-26
-6
39
3
-29
46
-60
4
5
-12
40
19
-22
-4
-24
-4
10
-6
-1
32
5
-4
7
-49
21
-11
12
11
10
-22
-3
24
-15
16
-10
-10
39
9
-24
-22
-35
-12
29
38
22
-5
-5
-24
14
-25
5
11
-18
22
-9
28
-10
-37
-6
-3
6
23
9
-4
3
-1
-1
9
-20
2
11
-27
20
4
2
10
-25
-7
-1
27
-5
0
-3
-27
20
10
0
0
-12
-4
11
3
-23
2
-4
-2
28
31
5
-17
-21
-15
35
1
-12
-26
-25
22
27
15
-25
-27
-15
18
35
9
-18
-12
-20
19
14
-1
-6
-31
12
29
31
-2
-22
-55
-6
6
26
28
-2
1
-15
-6
-18
6
-30
6
17
22
9
-21
-21
-14
30
7
21
-7
-14
14
6
-1
-18
-6
-8
22
-3
5
-6
-35
-3
13
17
-11
13
-28
0
9
7
-4
-13
14
-21
-2
22
32
-3
-23
-11
-12
21
10
4
-1
-5
9
-9
6
4
1
-18
-3
6
14
-5
-9
-8
12
7
-7
-4
-3
9
1
23
-4
11
-26
-42
-25
34
54
23
-9
-23
-23
-25
-1
3
38
23
8
-13
-20
-24
-23
-4
25
44
44
4
-46
-59
-26
14
26
13
7
7
0
-8
-7
-20
-10
-3
23
44
6
-14
-56
-27
-15
47
10
0
-4
21
49
1
-34
-89
-44
34
95
74
-22
-76
-60
10
26
20
-11
-17
42
44
27
-38
-77
-87
6
70
103
54
-43
-82
-54
0
14
5
7
53
60
21
-46
-81
-78
-22
63
100
70
-11
-69
-54
-23
48
38
-12
-31
-8
29
51
29
-26
-60
-70
-10
59
56
17
-10
-19
-14
-12
-7
-7
-9
-3
42
51
4
-57
-83
-10
53
65
27
-21
-41
-8
9
-3
-7
-15
-4
21
46
24
-15
-66
-43
19
34
36
-10
-12
-5
-4
-13
-8
-1
7
15
20
17
3
-3
-27
-31
-22
11
42
24
16
-3
-18
-32
-14
0
6
17
9
22
19
3
-22
-45
-32
16
40
9
-21
2
10
24
15
-7
-24
-25
-9
6
20
10
-11
-6
18
8
-21
-20
6
9
13
1
-10
-26
-12
8
38
28
5
-19
-32
-13
9
21
2
-13
8
6
14
-15
-24
1
3
16
28
-2
-9
-12
-30
-10
17
17
12
9
-18
-15
8
6
7
-2
-13
7
15
5
6
-16
-20
-11
24
10
9
-2
-25
-2
21
13
-17
-29
-1
34
14
9
-15
-27
-7
-1
8
20
-9
-6
7
-4
0
-6
-25
16
30
22
3
-28
-41
-10
18
24
20
-10
-6
-3
-1
-9
-2
-18
7
23
29
0
-23
-22
-20
8
16
21
-7
-21
-13
5
12
18
5
-6
-13
-28
14
17
16
-3
-16
-7
-5
15
-3
-16
-15
11
15
13
21
-18
-36
-15
29
24
11
-16
-30
13
26
11
-15
-30
-13
12
34
15
-25
-24
-1
25
25
-1
-13
-16
-1
-2
6
-14
-11
6
18
7
6
-3
-10
4
-10
2
16
28
-3
-16
-32
-20
9
15
17
19
0
-12
-16
-4
-7
-1
2
20
12
-6
-12
-15
-6
4
28
-7
-20
-19
5
10
28
14
-10
-4
18
12
9
-26
-54
-7
-4
28
23
-19
-24
19
18
17
17
-34
-14
34
-13
11
24
-57
-37
16
-16
5
45
1
16
33
-13
-17
2
-36
4
35
15
18
-10
-70
-43
-2
19
52
39
9
-7
-25
-32
-18
-13
-2
13
23
41
27
-13
-48
-49
-25
23
58
37
13
-12
-20
-25
-20
-49
-28
17
89
103
25
-88
-128
-72
21
87
65
45
8
-4
-33
-61
-72
-52
23
103
131
71
-48
-142
-142
-41
72
104
56
40
14
-16
-58
-78
-83
-36
71
125
126
13
-95
-143
-87
7
86
88
33
11
4
-11
-43
-82
-68
-2
59
112
86
7
-57
-95
-83
-15
40
40
39
27
-4
-2
8
-28
-49
-49
4
105
101
-11
-105
-81
-1
55
20
-35
-10
60
71
11
-44
-94
-74
-3
72
105
22
-50
-37
2
24
-14
-66
-42
36
71
25
1
-25
-33
-36
-36
42
81
47
-4
-15
-8
-58
-103
-52
48
128
112
15
-77
-87
-47
-2
18
38
47
79
24
-69
-97
-49
8
13
25
36
39
7
5
-2
-21
-61
-48
32
87
62
-3
-49
-40
-33
-24
-14
9
43
45
31
7
-8
-54
-80
-24
63
110
42
-66
-49
13
-19
-78
-48
54
118
71
4
-36
-78
-78
-48
48
113
91
-3
-77
-68
-50
-21
-33
-13
48
108
69
19
-40
-67
-62
-36
30
82
43
-36
-41
32
47
-9
-69
-100
-9
91
151
89
-39
-164
-171
-14
172
173
16
-132
-136
9
106
52
-74
-85
-8
127
120
-3
-98
-121
-27
91
120
39
-73
-93
-5
91
33
-79
-99
-12
76
79
11
-56
-58
-11
79
74
-36
-110
-62
13
82
79
0
-94
-88
20
86
73
-4
-20
-2
-2
-17
-8
-2
-18
2
59
79
7
-79
-128
-85
22
108
124
31
-51
-54
-25
0
7
-38
-58
-28
46
111
72
-32
-91
-75
2
60
69
11
-15
-17
5
11
-28
-41
-32
17
80
50
-21
-82
-69
-2
46
56
9
0
3
21
23
-22
-74
-39
25
79
47
-30
-56
-42
6
55
40
-7
-28
-23
-4
27
17
0
-8
-29
-6
19
16
-12
-5
7
5
-20
-23
-2
26
34
20
-12
4
-3
-15
-23
-13
16
11
10
-11
-24
-6
18
35
13
-27
-22
-10
17
29
14
-12
-31
-40
14
23
15
-4
-4
2
19
12
-15
-11
-17
-5
16
30
2
-9
-23
-14
-2
6
-1
10
-7
4
15
11
-14
-23
1
8
17
10
10
-23
-19
-1
10
9
-8
8
-12
2
14
4
-6
-9
-13
-1
20
3
9
-22
-13
-6
12
27
-2
-28
-28
13
37
35
-4
-47
-35
14
44
43
-6
-45
-21
-2
15
11
1
-15
2
22
7
-3
-22
-3
9
15
0
-13
-28
2
17
21
5
-13
-19
0
17
9
9
9
-2
1
4
-28
-27
-16
23
33
44
-6
-34
-33
-19
-3
13
18
20
8
-13
-11
-8
9
0
-5
-9
3
-6
11
10
4
8
-14
-19
0
16
7
4
-6
-2
-2
-12
-17
-1
21
13
12
0
-13
-20
-37
0
20
36
15
-9
-9
-5
-11
-5
2
10
10
12
13
-18
-15
-15
-2
5
15
14
-8
-13
2
14
9
-15
-24
-7
5
22
21
-6
-35
-17
8
27
15
-19
-3
8
25
19
-4
-24
-47
-15
24
41
17
-23
-40
-28
8
28
12
4
-25
2
15
9
-4
-22
-31
-17
28
15
-5
-9
-3
16
43
27
-12
-43
-32
3
32
16
-2
-16
-19
-11
-1
0
-12
-16
13
40
19
-12
-38
-26
12
56
36
9
-47
-53
4
20
21
3
-15
-11
21
23
21
-9
-21
9
31
-5
-22
-45
-37
10
21
30
23
-15
-19
15
23
15
3
-22
-36
-5
10
18
15
-9
-26
-11
14
23
8
-17
-17
2
13
-5
-18
-6
28
52
31
-22
-71
-70
-25
56
69
27
-7
-47
-27
8
-11
-20
11
56
68
49
-21
-111
-118
-55
29
129
118
24
-25
-46
-24
-65
-80
-38
61
116
75
5
-54
-64
-46
-38
2
26
32
64
45
33
-32
-78
-69
-18
44
70
43
13
-18
-29
-36
-56
-32
3
59
57
37
-7
-57
-57
-12
8
18
35
19
12
10
-7
-27
-27
-26
23
37
33
13
-15
-32
-22
11
5
4
-16
-6
15
23
14
-23
-37
-18
10
26
9
2
5
-2
-3
6
-14
-4
-15
0
49
36
-15
-32
-29
-27
10
18
13
14
1
5
-8
-23
-8
-12
11
18
38
6
-22
-34
-10
23
18
13
-2
-32
-27
28
65
38
-53
-85
-13
72
76
15
-61
-52
2
24
-2
-27
-6
30
51
18
-33
-73
-70
-16
91
139
53
-98
-153
-55
35
92
62
35
6
-11
-47
-84
-65
-3
100
151
83
-43
-141
-164
-81
58
143
116
55
-58
-95
-85
-41
9
29
64
75
39
-25
-63
-60
-35
15
54
80
62
-9
-66
-85
-38
10
52
41
11
-12
-7
-3
-4
-31
-33
-10
2
31
23
13
-6
-2
4
-26
-42
-12
19
61
62
38
-17
-87
-83
-23
31
62
37
-6
-12
-13
-8
4
-24
-23
10
55
32
5
-17
-50
-31
5
33
41
5
-8
1
-10
-8
-13
-15
-16
18
40
39
-15
-33
-35
-22
-4
14
34
12
-10
-14
0
7
-10
-4
8
7
24
13
-15
-47
-6
3
29
19
21
1
-15
-22
-7
13
-16
-8
17
37
25
-1
-30
-27
-17
16
21
-16
-34
-2
4
21
20
2
-15
-20
0
36
31
-14
-25
-24
-3
9
12
0
-18
12
38
43
-13
-45
-27
-3
3
25
20
-7
-11
-17
0
5
0
10
8
-20
1
4
-1
-8
6
21
7
16
15
6
-21
-34
-25
2
-5
-12
14
20
22
4
3
-24
-17
6
23
27
-5
1
-18
-26
-22
-24
6
49
52
43
7
-32
-31
-22
-20
-8
44
32
-9
-25
-15
-13
-14
-7
6
-1
0
22
-9
18
25
-13
-9
20
19
7
17
-24
-31
-4
-4
-13
2
27
9
-5
14
5
-33
-13
3
2
13
14
3
-34
-20
-16
3
28
14
5
7
-14
-6
15
4
-18
-6
36
34
-4
-37
-45
-22
13
29
16
-6
-12
-6
25
8
-18
5
-4
3
26
5
-11
-42
-18
15
11
7
-4
4
8
6
14
13
-12
-36
-23
14
19
15
-3
-21
-13
8
15
-1
-7
6
23
-9
-6
-3
-28
-17
9
31
38
8
-32
-42
-6
8
28
18
-23
-14
12
17
6
-1
-20
-8
0
13
20
-8
-21
-8
6
28
7
-23
-13
-17
9
31
15
-27
-16
-7
-9
37
20
-10
18
-13
-19
23
-5
-24
-1
12
29
3
-12
-30
-25
13
38
12
-21
-15
-10
9
8
-21
-15
6
5
21
14
-29
-15
9
11
23
11
-1
-11
-15
1
-6
-11
0
-8
8
3
1
3
6
-19
-16
21
9
16
-6
5
7
-6
-6
-12
-8
-7
12
15
29
12
-13
-17
-31
-8
15
13
15
16
-10
-28
-18
1
-7
7
9
11
15
8
-19
-20
-3
12
15
-1
3
0
-12
0
2
-18
0
8
7
13
0
-10
0
3
5
-14
-10
3
29
19
-29
-38
-7
21
27
6
-8
-9
-1
5
6
-18
-11
8
17
35
10
-25
-37
-16
-6
41
25
-5
-25
-7
8
3
-4
-4
9
5
-2
18
-13
-24
-12
7
35
6
-20
-31
-7
1
43
32
-7
-22
-31
9
16
7
-10
-5
-1
9
20
-30
-32
-7
22
39
22
-12
-26
-25
1
30
3
-1
-4
-29
-4
13
17
6
-10
-9
-4
14
10
-7
-6
-13
4
29
9
-29
-48
6
30
40
22
-42
-34
-26
5
59
4
7
-17
-9
40
-8
-41
28
-33
20
42
-57
35
-46
-45
85
-26
71
6
-114
88
-16
-20
77
-136
-23
82
-18
117
-10
-109
-36
-55
62
127
-38
-26
88
-54
39
-48
-171
57
36
66
174
-73
-157
-125
-137
137
185
108
124
-66
-193
-86
-125
21
211
-6
54
72
-133
8
-61
-239
179
-27
236
204
-57
-120
-174
-323
53
83
235
313
72
-43
-217
-273
-373
-100
116
416
346
369
-171
-249
-240
-334
46
214
286
195
-91
-304
-254
-214
46
295
397
431
-18
-203
-433
-423
-250
81
231
364
305
46
-148
-177
-159
-69
42
87
32
-34
-77
-103
-37
101
263
233
169
-47
-288
-312
-150
-137
148
251
250
130
-24
-203
-171
-139
-54
164
233
63
-3
-117
-199
-48
55
85
139
-9
-132
-135
-72
-19
162
198
165
54
-71
-203
-212
-128
2
155
156
102
23
-91
-126
-11
99
74
55
-51
-104
-62
-53
-12
92
94
87
29
-100
-109
-67
-1
34
86
35
-6
-79
-68
33
81
69
31
2
-75
-68
-81
3
65
51
10
-15
-26
30
52
-10
-72
10
50
-2
-85
-34
68
58
19
20
-17
-63
-47
9
42
47
18
-30
-62
-15
61
41
-45
-60
14
46
2
-50
-17
-14
12
76
51
-54
-95
1
58
65
-2
-9
-42
-18
-5
22
2
0
-2
-19
17
16
15
-34
-25
-11
61
27
-41
-35
5
24
19
19
-5
-18
-35
6
-7
0
26
14
-7
17
-7
-40
6
18
5
-6
3
-10
3
-5
-7
-13
-7
9
9
5
22
43
2
-27
-26
-32
-21
30
35
42
18
-15
-34
-29
-30
-16
7
31
47
32
12
-28
-49
-31
-9
3
34
37
10
-12
-19
-33
-18
7
22
29
11
7
5
-5
-3
-19
-27
-18
10
29
10
12
-13
-21
-11
12
9
-4
4
11
26
-1
-22
-32
-15
5
17
26
15
-7
-28
-16
15
11
7
10
0
11
-11
-17
-28
-15
3
21
30
20
-4
-36
-34
6
25
20
7
-11
11
15
-7
-27
-37
-13
19
22
22
-5
-16
-21
26
19
-3
-11
-3
16
17
7
-24
-35
-20
5
23
17
10
9
-16
-25
-28
7
19
10
7
11
10
-7
-12
-25
-28
13
24
48
15
-19
-46
-35
5
35
25
5
-21
-14
18
3
-13
-29
-2
6
32
8
-16
-15
-12
7
17
0
-6
10
9
14
3
-18
-18
-15
23
18
7
-15
-22
-4
13
11
-3
-4
-9
-1
11
9
-4
-1
-12
-9
0
13
15
26
-13
-29
-4
-1
13
26
19
1
-13
-13
-19
4
14
-6
-12
-15
9
2
8
-11
-18
-4
6
15
16
-13
-4
19
-3
4
-13
-29
-10
26
46
29
-19
-34
-6
4
10
-9
-9
-2
24
24
2
-30
-41
-10
26
30
-3
-15
-12
2
14
31
-12
-31
-10
11
23
8
-2
-12
-15
1
-3
-2
-4
5
19
3
3
2
-19
-31
-3
15
32
33
-4
-31
-42
-14
18
29
24
5
-6
-20
-15
-13
-18
24
53
47
15
-45
-86
-77
-19
55
115
92
5
-48
-82
-67
-21
-10
19
60
81
65
-1
-67
-118
-81
7
57
70
47
20
0
-13
-29
-50
-50
-10
50
63
42
-2
-42
-50
-10
9
12
12
8
25
6
-14
-26
-11
-2
11
6
14
11
-7
-6
-16
-7
1
15
6
13
23
-12
-28
-17
3
6
15
7
10
-1
0
-7
-20
-4
-4
22
2
0
-3
8
2
-14
-24
-5
13
19
29
21
-13
-27
-28
-17
4
11
19
23
14
-9
-15
-24
-26
8
11
19
7
0
20
-15
-21
-22
-16
7
23
29
5
-18
-6
-5
-2
-2
1
21
-5
9
-8
6
-1
-16
-14
-12
16
5
2
16
18
-8
-14
-21
-23
7
41
30
-8
-14
-23
-24
-2
21
17
10
1
1
-3
-5
-9
-22
-12
8
29
27
-4
-30
2
-3
2
-2
-16
5
5
15
15
18
-14
-34
-13
1
36
25
-10
-6
-8
-16
-11
-10
6
25
16
-5
-2
-7
-22
-17
3
18
37
19
-20
-36
-17
4
13
10
-15
16
6
6
7
-25
-26
9
47
34
8
-53
-69
-12
23
39
23
-15
-34
-5
32
36
-1
-26
-10
4
14
15
-13
-23
-24
0
21
20
-11
-20
4
26
28
-9
-40
-16
8
34
17
-13
-27
-16
3
8
10
-1
0
-11
10
9
6
-24
-14
1
17
19
0
5
-16
-21
-11
8
19
7
-5
9
9
-9
-8
-21
-19
20
34
15
13
-17
-51
-21
3
32
31
-15
-4
7
-5
4
-7
-25
-12
15
33
34
10
-45
-33
-8
22
14
3
-2
-1
10
-9
3
-24
-9
10
27
20
-11
-15
-25
-10
35
-3
-15
-17
18
27
-9
-12
-9
9
3
-9
7
4
14
1
-11
0
-8
5
-15
-5
9
15
10
6
-11
-15
0
1
2
25
6
-9
-11
-17
-9
-4
2
11
28
7
16
-8
-42
-18
-13
8
30
33
7
-30
-30
-10
23
8
-19
-14
9
7
28
4
-13
-3
-7
-5
-5
9
15
6
-6
5
4
-1
-28
-9
5
26
21
-8
-10
-13
-25
10
28
18
-6
-16
-12
-6
5
-4
-5
1
12
17
1
1
-16
-9
-11
8
25
10
-14
-19
2
6
-3
-6
-2
-5
9
16
20
-27
-27
-8
9
21
14
-3
-11
-4
5
0
-18
-13
7
28
27
-1
3
-36
-23
-3
17
27
-19
11
4
16
-4
-46
-10
-21
39
-4
41
-4
-38
15
-80
92
-30
37
-4
-22
33
-31
-27
-19
25
61
-33
-14
34
-14
16
-38
-46
24
64
-35
26
12
-70
46
-42
-20
31
3
53
-34
-20
-4
45
-25
-65
51
-17
72
11
-56
3
-22
20
0
-11
5
12
17
-10
2
-21
-6
5
38
-17
-5
17
-11
15
-9
9
-30
-4
24
-22
8
32
-12
3
-5
-12
15
16
-23
-34
14
32
1
1
-41
-1
0
-14
15
20
14
3
-18
-15
-3
13
20
-16
2
-7
0
6
-20
-13
19
23
25
-6
-17
-22
-21
2
20
32
-4
-15
-1
-9
-12
-1
-2
0
-3
12
25
9
-2
-19
-7
8
11
6
-28
3
16
10
25
-25
-36
-4
6
38
23
-10
-9
-26
-18
0
21
1
1
8
1
2
-8
-30
-10
10
20
35
-8
-10
-17
-20
24
9
20
-9
-28
-7
10
28
-2
-25
-16
7
16
11
-20
-3
-6
6
16
11
-1
-33
-7
3
25
21
-12
-41
-27
15
40
35
-1
-23
-14
3
6
-14
-17
7
21
29
-7
-16
-45
-12
27
25
23
-23
-17
-3
10
19
7
-16
-20
15
5
-2
-8
-14
1
9
19
15
0
-17
-18
-6
13
30
6
-24
-24
-5
5
15
9
-7
-12
-12
3
25
6
-16
-2
-24
6
32
15
-6
-32
-24
13
34
-4
-21
-17
-2
22
31
11
-12
-33
-19
14
15
0
-7
-9
7
14
8
-18
-23
11
16
8
0
2
-11
-4
13
18
-2
-16
-23
-12
17
30
15
-2
-22
-15
-2
1
-5
6
19
16
3
-17
-27
-17
5
10
34
13
-11
-17
-16
-8
10
11
2
11
0
-9
5
4
0
-8
-27
7
26
6
-7
-13
-3
5
1
-4
-3
7
4
9
15
-5
-23
-20
-3
25
30
7
-15
-29
-17
11
27
12
-4
-10
-9
6
12
-6
-10
2
11
8
-7
-5
-16
-14
18
19
4
-8
-8
-9
-7
5
22
15
-8
-12
0
-2
-10
2
-4
3
5
1
-1
0
-9
0
16
2
-12
3
-12
-6
11
15
4
-8
-23
-13
-13
8
39
30
-2
-20
-3
-5
-7
-7
-1
-5
9
23
1
-27
-12
17
13
3
-7
-8
-2
-7
31
18
-15
-23
-21
7
8
17
13
-6
-1
0
-1
-6
-19
-3
15
23
19
0
-23
-30
-17
11
24
2
-4
2
-6
-10
-3
8
8
2
-3
5
-1
3
-6
-6
0
5
24
13
-16
-26
0
0
13
20
4
-19
-16
10
23
13
-23
-32
3
23
20
7
-28
-26
5
17
3
2
-12
-1
27
12
14
-15
-48
-17
7
36
37
-14
-25
-4
-5
-2
2
-7
-9
24
30
10
-26
-31
-19
6
10
18
15
-6
-14
-17
-13
18
11
2
9
0
18
0
-10
-17
-21
-11
-10
20
16
1
-3
-15
11
3
-2
-10
0
7
12
15
-2
-28
-31
9
26
29
3
-17
-10
-13
-3
7
-2
8
18
24
11
-25
-49
-22
17
32
34
-4
-31
-16
-8
16
5
5
-6
8
13
0
-2
-17
-19
6
13
5
3
5
-7
-11
-5
13
0
-26
7
22
12
6
-5
-18
-13
-9
-12
11
21
4
2
-6
-8
-6
-6
10
15
9
5
13
-4
-4
-17
-23
-2
17
27
11
-7
-11
-19
-4
7
4
1
-7
15
15
5
-20
-28
-26
1
25
22
8
5
-7
3
0
-15
-12
-2
15
43
22
-12
-21
-32
-26
8
21
7
5
-11
8
7
6
-11
-9
-7
22
32
-7
-6
-36
-28
16
26
19
0
-25
-6
14
-5
-1
2
-3
-1
11
-2
8
-10
-21
-2
7
10
18
-5
-20
0
7
17
-7
-18
-14
12
32
36
11
-45
-52
-17
27
38
17
-3
-14
-6
-10
-8
-9
2
4
28
41
-1
-27
-43
-28
5
34
35
-13
-32
6
15
19
-4
-23
-21
-3
22
22
10
-16
-17
-2
-4
-12
4
3
9
22
2
-26
-25
0
10
35
16
0
5
-38
-49
-7
11
35
36
9
-10
-23
-14
5
-2
-16
3
31
26
-11
-15
-29
-1
12
18
6
-13
-17
6
18
10
-8
-16
-2
3
28
16
-19
-13
-11
6
8
-7
-5
2
7
8
15
-3
-25
-14
2
18
23
-8
-13
-4
13
7
-20
-25
-3
10
30
21
-12
-18
-16
2
13
1
5
8
8
-5
-12
-24
-18
7
13
24
13
-6
-22
0
-5
11
5
-12
-1
14
10
-8
-26
-29
13
9
7
20
23
-11
-19
1
3
-6
-12
10
21
14
-4
-42
-26
12
20
14
3
-6
-17
3
7
3
-10
-12
2
18
22
-5
-35
-5
0
13
4
11
-7
-17
3
11
13
-14
-12
-12
-2
7
23
19
-9
-27
-20
16
10
-1
-2
-10
1
21
20
-29
-21
-21
22
58
29
-7
-47
-58
-13
32
33
3
-17
-17
13
27
-11
-10
-23
-4
37
35
-6
-35
-33
-13
32
25
1
-17
-24
4
37
17
-24
-15
-7
14
24
12
-12
-29
-18
13
11
-11
-6
3
20
17
9
-27
-32
-15
16
43
28
-6
-12
-27
-36
4
22
23
9
6
-7
11
4
-36
-26
-12
29
63
28
-24
-73
-55
9
60
60
12
-54
-60
5
56
36
-20
-54
-17
49
53
0
-54
-49
10
63
52
-20
-80
-43
14
69
77
-3
-82
-79
7
79
43
-19
-46
-13
23
21
-12
-27
-26
10
60
30
-31
-50
-31
6
55
45
0
-39
-29
-16
12
6
8
16
-13
-9
3
25
5
-23
-29
-11
22
20
14
-8
-28
6
12
14
-11
-21
-11
3
23
28
9
-21
-32
-14
14
23
13
4
-23
-14
1
-3
7
-7
3
1
16
10
-11
-25
-17
14
35
8
5
-19
-8
3
-3
0
-3
-2
-6
3
3
12
3
-9
-3
3
-1
1
3
-8
1
0
-10
-10
-2
9
18
17
-3
-4
-13
-11
-9
5
9
27
16
6
-14
-39
-12
10
6
-2
13
14
18
-9
-33
-13
14
21
16
9
-29
-32
-11
15
30
12
-15
-13
0
5
29
-2
-23
-22
2
38
14
-9
-19
-11
5
14
11
-27
-35
6
30
36
15
-25
-39
-21
18
35
14
-8
-4
-28
-9
-2
20
9
-3
6
-5
1
-11
-13
0
8
14
13
-1
-14
-34
-7
25
23
-6
-21
-23
11
21
28
-9
-27
-15
13
29
-1
-21
-18
18
27
20
-18
-33
-27
-1
28
27
10
-12
-9
-6
13
11
-18
-29
-4
18
15
10
-10
-14
-9
15
21
11
-26
-26
17
19
8
-2
-12
-5
4
5
10
-19
-6
-6
6
15
6
-6
-6
-1
-2
-1
7
-3
7
0
-13
8
-2
11
-8
-9
-5
1
9
8
7
0
-12
-5
-2
6
14
3
-9
-8
-7
-4
-12
0
11
15
15
4
-12
-14
-16
-4
9
16
6
2
-4
9
6
-12
-15
-26
-1
14
34
8
-8
-6
5
8
-6
-19
-19
3
13
32
4
-39
-17
-4
13
24
19
1
-5
-22
-9
3
0
16
8
-1
1
-12
-5
0
0
-13
14
28
-4
-7
-24
0
13
3
12
-11
-20
-13
5
24
6
1
-6
-8
-9
10
-1
3
1
6
7
-2
4
-21
-13
4
14
33
4
-35
-29
5
29
7
-4
-8
8
15
-8
-1
-8
-24
4
16
13
2
-6
-10
-1
-6
-2
7
8
1
-1
4
-2
1
-1
-11
-12
-1
5
14
1
-10
-11
-1
10
11
13
-12
-6
11
-1
-17
-16
-7
17
29
17
15
-21
-45
-18
11
25
22
6
-18
-3
11
1
-2
-29
-10
18
20
7
5
-20
-23
0
7
25
0
-11
8
14
-5
-9
-15
-7
0
14
17
8
-19
-6
-2
-9
5
11
4
-7
-9
6
12
-3
-7
-6
-3
10
23
1
-39
-30
-3
34
38
12
-7
-32
-16
10
12
-9
-4
4
10
6
11
-16
-27
-12
1
28
22
-1
-18
-10
11
20
9
-25
-36
-4
24
32
18
-27
-31
-1
7
18
7
-19
-7
-6
21
29
5
-16
-41
-17
11
10
2
-10
8
6
0
13
-2
0
11
4
-3
-10
-21
-6
9
9
1
-3
0
-1
-1
-17
9
20
-1
13
0
-7
7
-8
-26
-17
2
23
30
-13
-21
-20
-1
25
29
2
-7
-8
-5
14
11
-15
-32
-17
9
25
7
6
-13
-14
6
18
1
-19
-21
-2
26
31
2
-8
-33
-16
6
11
18
-9
-1
12
10
-3
-19
-20
-5
21
22
8
-5
-8
-16
-22
-5
20
19
-6
-2
-3
-15
-2
4
19
17
-9
4
7
-13
-17
-10
-2
11
23
21
1
-16
-24
-2
1
-1
16
-7
-7
26
15
-5
-31
-35
2
32
23
6
-6
-41
-1
21
4
4
-20
-6
48
35
-13
-17
-49
-38
14
27
22
16
-8
-19
6
-11
-3
7
-8
0
22
2
5
-21
-26
-8
15
22
18
-17
-25
4
26
10
-1
-5
-3
3
-14
6
12
-9
-21
-6
-9
12
29
3
-16
3
3
10
-7
-17
-10
12
22
28
-10
-34
-24
-9
25
50
6
-9
-27
-23
19
-1
-9
17
-47
69
-44
50
-37
-52
69
-87
126
-68
33
-38
-42
108
-138
174
-168
111
-30
-31
102
-130
93
-87
82
-16
-36
47
-101
124
-54
41
-1
-99
91
-87
93
-37
42
6
-42
18
-48
24
11
-18
27
-24
21
-8
-21
35
-64
85
-16
62
-2
-58
-20
-74
45
-2
63
-9
-45
9
-5
24
23
-34
28
-19
30
4
-48
1
-55
33
9
27
17
-29
2
11
8
17
-22
5
-17
28
12
-19
0
-30
4
-17
-2
4
4
4
29
17
-11
-11
-41
15
-6
6
15
-12
22
-15
-7
-6
17
27
-8
3
-19
-1
-11
0
-10
1
12
-4
7
10
-26
-12
-16
23
33
11
-8
-18
-8
-1
17
-17
-21
-10
29
49
21
-5
-49
-23
-9
12
17
4
10
2
-10
-8
-6
-19
6
12
16
15
-3
-25
-29
9
3
25
20
-12
-2
-19
-13
10
3
18
14
3
-3
-4
7
-16
-10
-5
-17
19
-2
9
7
-19
4
18
1
1
-19
-3
16
-4
11
-21
-16
6
11
22
1
-6
-2
-11
13
-8
-21
-11
-2
36
30
-3
-20
-16
-13
10
11
-9
-10
-2
11
22
1
-13
-17
-18
8
20
25
6
-5
-10
-3
4
-15
-19
-6
22
14
7
-1
-18
-7
-3
1
20
26
7
-9
-28
-30
-5
6
9
23
5
-12
-4
-4
2
-4
-10
12
37
34
-3
-30
-37
-15
4
-5
10
6
-10
9
22
-1
-13
-10
-6
25
23
-8
-19
-26
-17
7
-2
3
8
15
29
12
-5
-25
-29
-8
17
33
13
-11
-27
-25
-3
0
7
19
13
4
10
7
-21
-27
-11
8
19
4
15
0
-11
-11
-7
12
10
15
0
-13
-8
-12
4
9
2
3
-2
12
15
-5
-25
-14
-2
6
13
6
-6
-8
0
21
9
-30
-34
1
46
34
23
-28
-24
-19
-9
19
2
-3
10
19
-4
-11
-29
-19
16
31
26
11
-27
-40
-2
20
2
3
-5
0
8
-8
10
5
-10
3
1
3
0
8
3
-13
1
1
-12
-5
2
1
6
-4
7
9
-2
-25
-5
25
12
12
-14
-19
-7
-1
-1
5
1
8
13
10
4
-15
-28
-23
19
33
23
-19
-25
3
8
-4
-13
-14
-6
9
26
24
-4
-23
-18
-13
15
21
15
-3
-12
6
1
-6
-17
-14
8
25
6
6
-1
-18
-7
-14
9
16
14
-6
-5
-9
-16
5
-17
-4
16
22
9
-3
-9
-16
-17
7
27
20
-6
-21
-11
-3
6
6
-7
-16
3
10
17
10
-9
-23
-18
-1
29
36
1
-25
-20
1
0
-17
-18
0
35
48
22
-13
-47
-37
-13
29
41
16
-16
-22
-18
2
14
2
-3
-4
-1
7
11
-13
-14
-9
11
19
21
-1
-22
-22
-11
10
28
11
-15
-11
6
19
-5
-7
-10
-6
7
10
1
-8
-9
0
12
12
-13
-20
-18
7
23
23
-8
-17
-13
-3
17
12
3
6
-2
-16
0
14
-10
-23
6
26
30
-2
-33
-28
-3
24
33
10
-12
-15
-17
2
20
1
-19
-16
4
17
23
4
-11
-20
4
1
16
0
-7
-13
-5
22
8
-2
-16
-15
-7
14
17
13
-1
-8
-13
-5
-1
16
18
-8
-21
-5
-7
7
7
4
0
-8
5
11
-3
-12
-1
13
4
-13
-19
-3
28
15
0
-22
-24
-9
21
20
7
-9
-13
-1
9
1
-8
-3
-5
11
19
10
-24
-37
-18
16
38
27
0
-23
-28
-7
8
8
5
10
-1
16
-3
-21
-17
-26
-4
27
25
1
5
-2
-16
-15
10
11
3
-13
-9
3
7
15
3
-14
-14
0
7
11
2
-8
-7
4
12
10
-7
-15
-2
4
-4
-1
-6
-12
-3
13
26
22
-16
-27
-12
27
13
-19
-12
-8
16
17
4
-4
-22
-12
10
20
11
-9
-15
-18
14
27
5
-17
-24
-9
12
13
6
2
-15
-14
2
4
7
12
-3
-4
4
-17
14
-7
-27
2
13
19
9
-10
-38
-11
14
40
15
-14
-4
-8
-33
-5
49
54
-45
-74
9
68
26
-50
-21
6
13
9
-2
5
-9
5
11
-5
-11
-4
17
-4
-15
10
-1
-13
-6
32
12
-22
-14
4
25
-5
-24
15
11
-34
-13
51
6
-38
-10
20
-7
-12
47
12
-62
1
45
3
-41
23
16
-40
-18
42
37
-34
2
43
-47
-54
15
104
-89
-27
147
-108
39
-61
-20
128
-95
-32
161
-82
-134
46
79
40
14
-125
9
9
35
89
5
-116
-159
166
122
6
-137
-11
52
-97
128
11
-57
-61
16
102
-1
-65
1
23
-77
86
15
-5
-99
90
-12
-38
9
46
-45
7
-31
78
30
-74
-13
-80
32
-29
74
49
12
20
88
-45
-101
-129
-100
-33
119
350
331
-20
-381
-515
-349
114
654
744
257
-437
-770
-716
-186
555
957
659
-150
-705
-859
-503
272
849
807
234
-455
-777
-585
-27
448
538
236
-173
-233
-99
49
82
-141
-226
-44
283
460
292
-214
-581
-568
-121
440
681
420
-237
-637
-549
-6
475
542
245
-274
-542
-369
48
323
344
26
-249
-242
33
226
154
-86
-267
-116
179
351
209
-171
-459
-317
30
342
356
139
-151
-292
-224
-54
134
160
138
41
-17
-142
-165
-174
5
150
215
124
-102
-174
-170
26
52
122
63
65
77
-55
-106
-224
-50
35
224
170
15
-125
-215
-50
0
142
56
34
-28
-24
13
-5
-9
-54
-8
7
22
1
6
5
-18
18
-11
27
-26
-41
-15
26
89
40
20
-91
-112
-42
33
122
35
1
-62
-27
-10
0
15
-16
38
53
68
-40
-101
-113
-5
107
106
51
-62
-108
-44
60
59
-23
-17
-44
43
92
19
-89
-86
-61
62
144
11
-34
-83
-26
0
79
-23
-2
-23
36
45
24
-50
-55
4
0
24
-15
13
26
26
-20
-18
-41
18
34
4
-36
-1
5
21
48
-29
-48
-13
5
33
6
-20
-20
36
15
6
-1
-27
-45
12
56
17
13
-60
-21
2
22
4
9
-1
-19
10
7
-7
-31
-15
41
34
21
-1
-43
-62
-9
28
44
28
-22
20
-9
-59
-21
22
10
34
28
4
-25
-39
-24
23
-1
5
44
4
-14
-24
-42
4
33
13
18
-2
-33
-4
24
12
14
-28
-42
6
13
1
26
1
0
32
-11
-45
-19
-23
21
62
21
-8
-24
-46
-22
8
10
16
14
10
4
-9
-32
-24
10
46
44
17
-8
-46
-61
-29
2
24
43
21
9
-8
-44
-40
-26
2
37
51
34
18
-32
-64
-51
-29
11
49
56
42
5
-46
-49
-20
-3
21
13
27
45
30
-15
-70
-92
-12
69
67
35
-40
-77
-14
31
20
3
-24
10
65
48
-15
-73
-99
-9
97
111
28
-88
-123
-16
125
108
-19
-130
-103
49
164
93
-71
-176
-91
132
201
27
-183
-213
-26
207
203
-26
-214
-163
82
273
174
-103
-259
-152
91
193
58
-128
-158
-17
143
163
30
-125
-114
15
116
85
-40
-119
-62
58
88
-26
-104
-38
46
57
24
-7
-18
19
53
-11
-49
-13
40
68
-18
-76
-37
-17
0
8
12
23
35
33
-25
-68
-50
18
98
70
25
-24
-106
-58
20
42
22
-21
-2
57
20
-14
-46
-57
-28
66
109
34
-59
-105
-43
25
3
7
29
10
19
25
1
-39
-33
16
17
3
14
33
28
-20
-22
-37
-53
-8
38
30
-11
-11
16
29
-11
-34
-24
-1
18
27
-3
-50
-25
-8
24
14
20
15
12
0
-9
1
-17
-13
3
43
19
-3
-27
-43
-16
3
9
9
6
-17
20
17
-5
-29
-29
-10
37
29
6
6
-73
-12
33
8
-5
1
-4
29
51
-19
-12
-43
-54
46
57
29
21
-39
-89
-12
10
36
39
-29
-7
19
-9
0
7
-31
-5
-16
25
65
9
-44
-23
-14
-4
43
-5
-4
6
-35
-12
34
-11
-12
39
-33
-20
61
0
-50
-9
-8
9
22
-9
-5
13
-8
13
20
-41
-5
18
-16
17
35
-15
-6
0
-22
8
-1
-29
5
25
-3
33
-4
-45
9
6
-15
51
8
-57
12
7
-25
42
6
-45
3
10
17
48
-23
-22
23
-34
-3
40
-23
-5
19
-20
11
8
-52
-6
23
2
52
17
-31
-16
-19
-26
26
47
-12
2
-4
-24
2
25
-22
0
25
21
17
2
-38
-15
-14
-3
55
17
-20
-22
-17
-16
22
-13
-9
12
15
7
17
-27
-18
-22
-21
13
42
20
13
-2
-10
-20
-35
-11
13
16
21
28
-14
-14
-2
-20
19
22
19
-21
10
-82
45
-77
219
47
198
-115
91
-182
-599
-322
233
-272
534
258
1696
-1373
275
3611
-5788
3423
1970
-8406
-7889
13395
393
11401
-1167
-16869
-4140
10257
-4224
-4513
11946
4736
2870
-8348
-8368
707
5191
-6730
-2131
12363
19947
-10349
-13976
-7985
1513
-2865
7008
9503
9061
-4123
-11798
-3301
2185
-5174
-1424
12544
8958
3901
-13571
-9952
-5877
5451
3842
8161
10078
3212
-9658
-13141
-3052
-408
-2
7093
17080
2886
-5907
-12833
-4875
-3856
-141
10602
13956
5282
-9771
-11898
-5702
1299
2699
3978
8679
6767
-1841
-9322
-7014
-2774
-924
1232
8883
13021
882
-10113
-12696
-1430
4518
5999
3184
1537
2146
-1663
-7063
-7252
972
4919
4427
4306
4179
-1451
-6505
-6780
-2559
2444
5530
5005
1897
-3215
-4205
-1397
82
-83
2457
3081
1476
-510
-2692
-3653
-1847
2986
2462
722
2095
1640
-4105
-4737
518
2517
699
74
1344
176
-1371
-1817
-386
1074
1747
1404
-530
-1381
-255
-595
-1757
-687
3931
1742
-1913
-217
818
-1401
-2203
1872
1955
-876
-567
1092
-1116
-1421
904
926
174
-313
902
-8
-1857
-672
442
480
598
762
-342
-852
141
187
-820
-271
1903
439
-1562
-497
911
-590
-707
834
562
-102
-48
152
-200
-552
-167
510
3
261
356
-544
-427
-90
192
143
333
161
-221
-230
243
134
-827
188
817
94
-652
-200
284
-291
-242
545
286
-309
-53
-46
-215
-122
208
-55
-34
427
1
-532
-190
358
-102
-54
282
100
-83
-307
100
-21
-224
268
391
-185
-210
180
21
-347
-214
313
108
-120
108
-31
-248
-76
86
117
105
258
1
-399
-76
75
-279
-264
331
189
-65
210
-45
-155
-183
-102
133
107
168
129
68
-199
-290
58
-80
-105
111
99
175
-129
-171
29
-205
48
142
96
259
39
-52
-205
-164
20
-213
-45
236
86
-6
25
-6
-125
-86
83
142
77
32
17
-69
-53
-113
-127
81
136
-19
40
145
-189
-161
78
-65
29
181
104
28
21
-35
-137
-13
23
-63
28
63
-65
-72
12
-49
56
120
66
124
75
-71
-122
41
-28
-98
132
101
-38
-62
48
-55
-180
131
136
-41
136
183
-84
-113
110
-44
-204
101
77
-178
-14
85
-85
-94
142
109
-44
94
91
-55
-80
14
45
-52
8
149
24
-120
79
51
-188
38
136
-55
10
92
23
-47
-32
34
5
-123
2
92
-132
-83
117
-5
-117
85
125
-73
-34
96
6
-96
25
90
-36
-49
54
37
-98
-33
89
-13
-48
52
67
-44
-41
39
22
-74
-21
122
-32
-97
98
36
-150
-8
116
-52
-89
92
82
-111
-32
146
-35
-134
103
96
-159
-28
165
-96
-141
136
58
-148
14
154
-74
-116
126
58
-151
19
156
-86
-112
133
25
-157
52
110
-100
-30
98
-20
-81
26
54
-37
-26
65
43
-68
-22
62
-45
-74
40
41
-51
-9
73
-14
-76
34
46
-70
-10
96
-10
-63
58
32
-81
1
58
-32
-36
45
21
-46
-2
44
-6
-31
40
37
-32
0
18
-10
-15
-1
21
0
-10
5
25
-21
-29
50
-5
-33
27
34
-23
-30
35
2
-43
-1
40
-16
-54
50
22
-79
26
62
-42
-23
55
8
-46
17
28
-15
-22
20
35
-33
-23
67
-7
-63
56
44
-54
-6
63
-22
-42
25
24
-35
-37
53
0
-70
29
58
-64
-19
84
-29
-42
48
14
-39
-6
48
-13
-28
34
22
-25
-14
44
-4
-31
23
12
-9
-16
25
6
-27
6
9
-4
-34
14
23
-45
-3
38
-14
-36
36
10
-38
15
18
-10
-17
17
12
-24
-7
21
1
-32
8
23
-20
-12
12
12
-23
-14
37
-8
-40
31
28
-53
-3
63
-33
-35
54
9
-36
14
35
-9
-26
22
31
-43
-15
52
-21
-55
35
20
-57
-1
39
-25
-27
27
18
-31
-5
38
-7
-34
21
29
-39
-11
42
-21
-29
30
4
-29
7
18
-13
-11
8
10
-17
-14
20
-7
-19
10
4
-15
2
7
-6
2
1
1
8
-8
1
15
-12
-8
7
-11
2
17
-13
8
12
-52
-13
20
-55
3
86
-5
21
113
-2
-42
69
5
-59
56
46
-28
31
39
-5
2
19
44
20
7
52
5
-54
-3
-13
-62
-26
-8
-26
-32
-21
17
-3
-18
72
57
-18
57
66
-34
5
64
-7
-18
55
31
-27
23
54
-5
8
70
25
0
34
-7
-15
12
-19
-12
22
-18
-22
23
-12
-41
32
27
-38
29
58
-36
-18
44
-31
-49
23
-2
-31
13
18
1
-3
1
18
-3
-22
16
14
-20
15
27
-11
6
14
-14
-2
-8
-15
11
-12
-13
38
2
-29
40
20
-48
21
37
-46
2
42
-26
-17
19
-3
-24
-5
17
-9
-14
15
0
-11
-7
8
-1
-11
4
14
4
-24
24
19
-36
14
27
-16
-4
28
-2
-9
8
4
2
-20
10
14
-27
-2
18
-11
-22
20
2
-23
11
8
-6
-8
8
6
-14
0
10
-4
-16
8
10
-20
1
23
-16
-12
30
-8
-19
24
3
-22
12
9
-21
10
3
-16
10
-1
-12
13
-5
-15
17
-7
-15
17
-3
-16
12
1
-14
13
-4
-6
13
-11
3
10
-11
3
9
-6
-4
11
-4
-6
7
-6
5
-2
-5
11
-8
-4
12
-7
-1
7
-3
1
1
2
2
-2
-1
4
2
-8
9
1
-10
8
3
-9
4
3
-4
1
-2
2
0
-4
3
2
-5
0
6
-4
-2
8
-2
-4
7
1
-5
5
-3
-1
3
-6
3
2
-6
3
6
-7
1
10
-7
-2
10
-3
-4
8
0
-2
5
-1
3
-1
-1
8
-5
-1
8
-4
-3
6
0
-6
4
0
-8
3
2
-6
0
1
-2
-1
0
2
-3
0
6
-2
-1
4
-3
-4
9
0
-6
5
-2
0
7
1
-9
-7
1
3
11
7
-7
-14
-13
-1
9
13
3
-6
-11
-4
3
-1
-1
-9
5
17
4
2
-17
-23
0
25
24
-3
-14
-25
-9
23
20
4
-16
-19
-5
11
17
20
-21
-30
-13
11
36
3
8
-34
-16
25
12
6
-47
50
2
-61
106
-43
-59
46
7
12
-80
107
-10
-152
199
-53
-138
153
-10
-80
1
97
-31
-138
171
2
-174
128
58
-141
18
146
-121
-66
169
-56
-103
93
59
-121
6
127
-99
-37
93
-21
-62
45
41
-85
43
11
-16
10
-43
86
-55
-36
85
-31
-43
37
37
-73
33
34
-50
15
18
-11
-10
9
13
-11
-24
48
-24
-29
59
-44
-13
57
-44
-16
56
-37
-14
37
-17
-6
6
4
9
-28
22
23
-54
31
24
-49
17
32
-38
-2
38
-31
-12
41
-30
-12
49
-54
13
43
-64
24
28
-37
-8
42
-16
-43
64
-15
-44
52
-3
-31
21
15
-23
4
12
-6
1
-11
14
1
-19
8
16
-17
-17
41
-18
-22
43
-24
-13
37
-22
-14
39
-23
-14
36
-17
-18
29
1
-33
21
18
-32
2
26
-14
-22
25
4
-27
10
17
-15
-9
17
0
-12
5
10
-2
-18
17
13
-28
14
17
-19
-10
18
3
-25
17
15
-29
-2
23
-27
-16
53
-26
-17
32
-18
-42
18
33
-43
50
17
-52
13
-6
-8
-23
60
20
-82
74
-10
-74
49
28
-36
-4
78
-61
-37
60
-54
-8
29
38
-8
-22
25
-37
-12
15
28
11
-49
26
7
-44
32
46
-40
-19
59
-49
-23
34
-21
-1
21
33
-15
-29
-1
-5
-3
5
18
-24
-3
30
-9
10
2
-11
-3
-16
-17
14
14
6
33
-14
-37
-6
-7
10
8
8
2
-3
2
1
-5
-28
12
26
-1
6
-13
-21
7
19
6
-8
-7
-4
4
0
-7
3
10
-6
6
13
-17
-12
4
3
10
4
-10
-8
10
15
-4
-11
-11
1
4
2
19
7
-9
-2
-14
-20
1
21
18
8
2
-18
-13
-6
-7
6
4
12
14
6
2
-15
-30
-4
23
21
20
-12
-35
-21
-7
27
24
0
-4
0
6
-20
-13
-19
1
36
37
24
-12
-45
-42
-19
25
40
24
-1
-25
1
3
11
1
-30
-10
10
19
4
-19
-15
-3
21
23
-14
-22
-11
23
31
5
-8
-24
-22
9
16
4
1
-10
3
1
-2
-9
6
6
4
11
7
-16
-7
-22
-11
22
20
21
-18
-35
-21
15
28
19
-7
-5
-13
10
3
8
-3
-17
-23
7
28
3
-6
-14
-7
11
11
3
-7
-2
16
3
6
-20
-26
-14
18
19
17
4
-13
-5
1
-1
-8
-15
-8
24
30
10
-14
-30
-16
8
16
8
9
-20
-16
4
5
6
-3
1
10
7
-1
-4
2
-5
-6
3
2
-12
-3
15
9
1
-2
-7
-12
-2
-2
16
7
7
8
-13
-17
-12
-2
14
0
-10
-4
7
5
1
1
-6
11
12
9
-5
-20
-34
0
21
22
2
2
-20
4
12
-32
-18
21
-1
17
49
7
-39
-18
8
-40
-21
47
7
-19
68
-11
-79
62
31
-77
32
34
-38
3
36
-21
-43
8
12
-4
10
-4
32
13
-59
26
12
-69
44
58
-40
7
30
-81
-31
45
6
18
45
-9
-25
-15
0
25
-21
5
0
-17
22
23
-24
-10
3
-11
28
17
-40
-7
24
-9
20
2
-49
-15
32
37
20
3
-32
-38
-7
25
5
-15
25
14
-4
5
-9
-40
-7
18
13
15
16
-9
-23
-23
0
20
10
10
3
-20
-24
18
5
11
25
-12
-13
-8
1
0
-11
-18
21
22
4
-7
-10
-11
-2
30
-9
-31
-13
13
27
19
-11
-29
-14
22
20
0
-17
-9
2
6
16
4
-19
-14
0
16
27
4
-22
-22
-14
23
21
-21
-6
1
12
6
10
-15
-34
3
2
14
40
0
-12
-19
-3
4
-10
-1
3
4
4
5
22
-11
-28
-18
8
29
8
-4
-15
-20
9
10
-1
10
-4
-7
-6
1
-3
7
2
-10
22
20
5
10
-30
-27
-6
14
21
7
-25
-3
14
13
5
-15
-19
-12
14
32
17
-24
-29
-13
0
10
5
6
7
3
12
-2
-18
-24
3
3
38
21
-13
-14
-33
3
4
-14
5
19
28
5
-21
-24
-13
4
1
26
23
3
-7
-27
-33
11
11
23
21
-11
-26
-18
12
11
18
-8
-12
-1
3
7
-5
-23
-4
1
14
10
1
-7
-4
10
10
3
-23
-20
-10
25
38
23
-4
-23
-8
-20
-9
-8
-3
30
22
16
-10
-30
-21
-3
20
13
13
-2
-19
-12
-7
4
5
6
14
-4
0
-12
-4
-5
10
12
5
2
-12
6
-15
-21
-5
0
10
7
-14
1
9
15
14
-7
-31
-21
8
14
31
8
-10
4
-12
-15
-11
-4
18
24
15
11
-2
-33
-24
-2
23
43
3
-32
-26
-22
7
13
3
-2
11
18
4
-11
-19
-22
-12
14
34
17
2
-21
-10
-3
1
4
-3
-8
-2
7
26
10
-5
-15
-33
3
18
31
-5
-19
-33
4
14
-1
8
3
14
2
6
-19
-30
-5
11
23
21
6
-11
-23
-13
10
11
-2
-16
-1
10
3
18
-11
-20
-17
5
22
12
-15
-19
3
-3
18
13
-17
-9
1
17
33
11
-28
-27
-22
10
52
28
-2
-12
-24
-21
4
-6
-6
12
18
20
10
-24
-29
-20
-14
15
18
15
3
-23
-30
18
1
-28
-11
38
10
1
-17
-31
20
22
-18
15
17
-44
-96
-7
230
207
-157
-393
-165
256
358
121
-147
-212
-88
-77
-85
95
372
329
-89
-398
-283
96
239
12
-220
-109
255
383
12
-498
-518
81
641
497
-129
-472
-310
23
95
12
33
158
170
-4
-234
-283
-44
268
327
85
-135
-140
-31
-28
-51
16
100
105
-7
-151
-138
-2
115
126
108
79
-63
-219
-194
19
182
100
-41
-66
-27
30
2
-68
-59
57
90
44
7
-36
-51
-18
-9
-14
-6
25
81
67
-40
-135
-92
30
102
50
28
34
0
-66
-61
-19
9
47
31
-20
-23
40
53
-40
-91
-8
39
11
37
37
-14
-55
-20
-6
10
47
23
-30
-56
-8
-2
-8
9
19
24
23
19
-20
-55
-11
0
3
47
44
-40
-42
31
22
-26
3
9
-35
4
44
-9
-23
17
20
-31
-19
40
9
-51
-7
52
1
-32
-7
-3
-21
-3
53
44
-53
-50
28
16
-12
29
2
-49
1
36
-7
-35
-20
15
14
38
25
-42
-9
25
7
-8
11
-6
-45
-7
42
11
-21
8
19
-4
-7
4
-19
-34
8
28
3
0
9
-18
-15
5
21
-7
-19
8
0
-17
30
34
-14
-18
12
-2
-16
4
4
-22
-19
40
41
-1
-29
-15
-26
-12
41
36
-39
-35
15
24
3
31
-8
-52
-4
31
7
-18
-5
-12
5
14
30
-3
-26
9
22
-12
-7
-7
-7
-3
22
13
-3
-14
-11
-4
-5
0
19
15
-6
7
-3
-16
-13
22
-1
-5
13
-4
-12
-8
-6
0
8
37
19
-5
-22
-24
-15
2
24
16
1
1
-13
-3
-5
-17
-6
-5
5
24
23
-21
-27
-4
8
14
11
-2
-25
-15
-2
28
20
-5
6
-21
-8
26
20
-12
-28
-9
18
15
7
-2
-5
3
-9
-3
-8
-11
-9
-4
19
14
1
3
2
-4
-5
4
5
-14
-14
4
12
19
4
-5
-13
-14
10
17
-1
-3
-14
8
7
10
0
-23
-8
-4
9
10
5
-22
-20
0
32
23
11
-14
-8
0
1
-4
-30
-14
-4
38
36
-3
-34
-41
4
39
18
-4
-29
-20
19
32
13
-15
-19
-20
-9
16
15
5
-2
-5
3
18
3
-18
-22
-7
27
24
1
-29
-34
-21
15
37
20
5
-8
-28
-24
-4
2
26
10
7
16
-2
-17
-28
-27
13
41
24
-2
-26
-20
-2
19
17
-5
-14
-16
7
15
8
-18
-31
4
31
39
-5
-32
-31
-7
8
28
4
-13
-3
12
32
12
-19
-38
-22
-7
26
34
-1
-14
-10
-11
1
6
8
-3
-7
1
6
17
-10
-27
-4
2
28
18
-5
-18
-31
-3
17
18
9
-2
-13
9
4
-3
-5
-24
-13
5
20
16
8
-22
-18
-2
6
6
15
10
0
6
-15
-1
-8
-10
15
7
7
16
0
-16
-13
-8
-1
22
12
-4
2
9
-6
-15
-27
-8
21
25
13
-7
-19
-13
2
6
8
-2
-12
12
12
10
10
-11
-14
-6
8
-6
-9
-3
-3
9
22
18
-1
-16
-31
-19
10
25
18
-2
-18
-16
1
21
14
-6
-15
-9
-12
9
9
3
2
13
18
13
-12
-29
-35
-12
28
27
15
-12
-25
-5
8
12
10
-9
-18
-3
23
15
2
-31
-23
12
8
13
3
-13
14
4
-1
1
-12
-20
-2
15
16
22
-7
-37
-6
-2
11
27
-11
-11
3
-3
6
7
-13
-10
2
22
19
4
-25
-30
-1
11
25
-4
-15
1
0
5
4
-11
-12
8
0
21
25
-12
-37
-35
3
37
39
7
-31
-18
-1
5
1
-15
-9
5
43
32
6
-30
-45
-20
7
23
25
-1
-5
-11
-9
5
-4
-11
15
22
16
-9
-25
-40
4
25
15
24
-14
-11
-5
-15
-3
7
-1
16
12
14
-11
-12
-6
10
-6
-7
-12
-3
-7
7
20
23
9
-16
-27
-8
-3
20
34
-4
-16
-28
-1
1
18
6
10
4
1
-12
-1
-14
-13
6
14
24
14
-7
-30
-37
-10
31
25
4
1
-12
-5
-4
-4
5
-5
1
11
6
-16
-12
-5
20
23
13
-14
-24
-14
9
3
9
7
-2
2
-7
-3
3
1
3
7
-1
-18
-10
2
15
15
-8
-4
-4
-9
-1
-7
-9
17
26
27
-2
-27
-34
3
14
1
11
0
-19
0
15
1
-11
-21
5
31
18
-4
-18
-36
-3
22
7
-5
-10
5
19
12
-14
-19
-17
-8
27
31
18
-1
-16
-27
-9
-1
5
5
-2
3
-5
2
3
11
-4
-8
2
14
7
-2
-23
-19
-2
17
29
3
-12
-19
-13
0
30
11
-16
-14
3
10
18
1
-31
-19
-3
9
13
-1
-5
3
6
6
-4
-12
-14
12
32
21
3
-31
-33
-6
10
19
-2
-3
-1
8
15
-4
-17
-24
3
35
39
-3
-24
-35
-10
13
5
-4
-2
15
5
3
-5
-8
9
8
3
-1
-7
-13
1
7
17
1
-11
-11
-8
9
7
5
-1
-6
-15
1
22
22
19
-7
-23
-27
-18
-9
14
29
17
11
1
-6
-14
-30
-6
15
29
17
-13
-19
-25
1
11
20
12
-3
-17
-13
-15
4
16
17
14
6
5
-20
-17
-21
9
21
4
6
6
-26
-9
10
11
-2
2
-4
-8
-2
-11
4
13
24
2
-22
-31
-13
9
21
18
-18
10
9
-3
0
-8
4
4
25
16
-17
-25
-11
-7
7
7
13
6
-17
-6
16
-1
-18
-18
8
18
28
2
-39
-28
-15
14
21
-8
6
-1
4
41
5
-24
-30
-11
11
20
10
-11
-14
-3
-5
5
-6
2
-3
-1
16
12
-6
-23
-21
-5
26
29
-3
-22
-28
-7
9
15
18
-2
-11
5
11
4
-15
1
-13
-7
15
11
16
-19
-21
-11
21
13
-12
-17
-3
13
23
4
-17
-19
-1
15
18
5
-6
-17
-11
0
13
1
-9
5
-2
31
9
-30
-35
-5
13
44
37
-13
-45
-31
-5
28
16
-13
-3
-6
19
6
-6
-6
-5
0
20
18
-16
-17
-25
-13
28
37
-2
-24
-11
0
20
19
-24
-20
3
15
26
-3
-18
-19
3
2
5
6
-13
-12
-6
19
37
-5
-19
-22
-4
9
16
-4
-5
1
-14
-1
9
2
3
-10
-9
-1
15
16
-8
-1
-10
9
3
-11
-7
-6
3
27
23
-1
-25
-30
6
25
-1
0
-8
-6
13
16
-8
-20
-8
9
13
2
-12
-15
-1
4
16
19
0
-11
-1
-17
-9
12
15
13
-2
-10
-8
-2
-11
10
9
-3
-6
-8
5
8
2
-12
-6
3
14
9
-12
-21
6
19
16
-19
-24
-5
13
27
16
-3
-28
-14
19
23
9
-9
-19
-12
5
11
13
-22
-23
15
30
19
-10
-22
-20
-1
18
15
12
-20
-8
2
14
11
-5
-17
-17
18
29
2
-30
-19
6
27
28
0
-19
-43
-18
22
20
16
-20
-18
2
17
15
5
-20
-23
11
22
1
-3
-6
10
4
7
-1
-18
-20
-4
25
20
7
-19
-16
-7
4
28
16
-7
-34
-13
1
7
17
9
-15
-1
12
-2
-2
-22
-10
26
28
7
-6
-25
-31
-2
22
22
3
-24
-7
7
-5
15
5
-13
-8
12
22
-2
-19
-13
-4
8
9
0
0
-13
-3
15
9
4
-10
-11
-3
3
7
1
-2
-3
11
9
-14
-14
-10
-2
3
17
13
1
-16
-8
2
1
11
8
-13
-18
1
15
11
13
-3
-13
-19
-8
12
7
9
-1
17
9
-5
-25
-21
8
10
21
-2
-9
-22
-1
12
-1
12
9
-5
0
-3
-2
-12
9
4
21
10
-34
-15
-14
3
22
5
5
-4
-3
7
-5
-18
-7
21
17
-3
-18
-20
12
15
-1
-2
-18
-12
7
32
19
-8
-17
-5
12
9
-4
-12
-13
-2
21
-1
-15
-8
-10
0
30
18
1
-15
-24
8
7
9
-13
-21
2
12
25
7
-13
-25
-14
21
18
12
-9
-14
-2
5
16
-2
-15
-27
-4
14
9
5
-12
-11
5
11
12
-5
2
-4
4
3
-5
-7
-9
2
18
31
6
-18
-26
-6
9
27
11
-11
-7
-18
10
12
5
-14
-26
-3
8
37
-7
-22
-15
5
32
4
-26
-16
-8
21
36
20
-17
-42
-34
4
37
20
-1
-14
-1
-6
-5
-8
-6
2
18
33
5
-29
-27
-25
10
41
17
-12
-16
-10
12
5
-6
1
9
9
12
-1
-26
-15
0
17
14
0
-13
-5
7
7
0
-21
-14
4
21
21
11
-11
-14
0
-21
-4
3
3
21
25
9
-15
-21
-16
-12
-1
18
23
11
9
-13
-20
-18
-9
7
18
10
-1
0
-10
-15
-11
9
21
15
-6
-4
-9
4
2
-8
-2
-4
2
7
-2
-3
0
4
-7
1
1
-7
7
-4
0
12
12
-24
-26
-4
20
31
5
-13
-20
-10
11
24
5
-13
-14
7
19
18
-22
-40
-16
22
43
14
-19
-26
-13
-4
23
11
-15
0
12
14
14
-24
-39
-10
12
31
11
-10
-10
-2
4
7
13
-30
-17
17
10
18
-4
-16
-14
-3
5
23
3
-13
-7
-5
15
6
-20
-21
14
29
26
7
-28
-34
-10
7
20
19
6
-5
-19
-1
5
2
6
-6
-10
7
14
19
-9
-18
-11
-5
5
16
3
1
-3
-14
6
-12
-13
4
16
47
42
-7
-62
-79
-47
15
78
73
35
-7
-38
-67
-53
-24
25
71
65
60
-6
-74
-95
-61
8
58
64
24
4
-25
-32
-12
11
25
31
19
7
-7
-23
-35
-11
5
11
26
2
2
0
-14
-29
-20
1
12
27
41
39
16
-8
-56
-68
-40
-2
28
50
48
24
-5
-16
-25
-36
-16
8
45
51
37
-26
-80
-57
-7
49
54
19
-6
-9
-15
-7
-23
-32
-13
29
56
48
9
-37
-37
-38
-14
21
29
14
4
9
-1
-2
-35
-32
6
28
31
22
-8
-38
-30
-20
-1
15
28
15
2
-9
-18
-11
-11
5
30
29
15
-11
-26
-29
-27
-2
27
16
-3
11
0
-19
-24
-9
-7
-4
13
14
32
7
-12
-23
-24
-6
16
26
-5
1
10
14
24
-13
-26
-23
-2
34
39
16
-24
-36
-29
-8
9
17
17
3
-11
0
9
-23
-23
1
25
44
27
-11
-39
-36
-3
28
22
13
7
-7
-12
-8
-6
-5
13
12
2
-4
-17
-4
2
-13
-7
-2
13
6
16
4
10
-16
-21
-13
-16
7
38
45
5
-19
-45
-21
-1
5
23
6
8
14
10
-18
-37
-10
-5
31
29
19
-2
-33
-26
8
14
10
-11
-9
-2
29
16
-1
-16
-36
-7
24
22
-1
3
-25
-3
9
1
-11
-17
7
32
8
-9
-9
0
-17
-16
20
22
25
4
-22
-41
-28
6
28
29
22
1
-14
-15
-7
-11
-13
-13
28
38
20
-11
-36
-28
-13
12
14
25
3
3
-7
-10
-15
-14
-3
19
29
1
3
-26
-5
14
9
3
-18
-34
-2
27
23
19
-10
-39
-12
22
11
1
-8
0
8
6
-13
-8
-15
-13
23
18
-3
7
-10
-13
21
-6
4
20
-34
18
19
-33
14
-31
-25
27
8
5
28
-7
0
-1
-36
6
24
11
17
-9
-50
-19
-8
11
24
4
12
40
4
-12
-33
-32
0
31
40
12
-10
-31
-49
-25
3
19
28
15
7
1
11
-20
-6
-19
23
20
12
-28
-23
-13
9
20
-2
-15
-7
17
5
18
-2
1
-19
10
0
2
-9
1
2
10
-18
-20
-9
-2
9
24
19
15
-10
-14
-17
-16
16
27
38
-1
-10
-38
-18
-1
10
2
18
7
25
5
-22
-30
-22
7
32
34
8
-28
-37
-12
21
13
-6
-8
-8
11
25
6
-11
-22
2
27
13
-29
-34
-13
14
53
41
-21
-60
-37
8
39
30
11
-8
-24
-15
18
10
1
1
-10
0
0
-3
-10
-2
10
-1
9
3
-1
-2
-11
-4
1
7
-5
-22
-11
13
18
3
-25
-11
-6
9
20
25
-2
-17
-4
16
11
-6
-2
-6
19
17
3
-21
-27
-6
11
36
8
-13
-24
-24
12
33
4
-25
-35
-8
28
12
0
-22
-13
6
27
9
-8
0
1
-6
15
12
2
-15
-18
7
-1
-8
-15
5
16
5
4
-23
-10
3
15
-5
-3
-9
6
11
-21
-7
2
3
-10
-3
11
4
10
8
3
2
-17
-7
7
16
12
-11
-13
-10
-4
6
3
-12
-4
16
18
12
-4
-20
-19
11
12
23
0
-35
-13
3
14
19
14
-1
-12
-17
1
10
3
-5
2
6
9
12
-16
-17
-2
7
6
-4
-11
-5
3
-2
18
23
6
-20
-21
-7
6
32
8
-10
-12
-19
0
6
1
1
18
20
5
-18
-34
-23
8
41
47
-3
-32
-33
-24
8
12
14
-8
-4
10
15
17
1
-5
-1
4
10
-2
-28
-44
-15
17
30
30
-13
-27
0
13
23
7
-16
-22
1
29
14
-7
-49
-16
0
-1
16
7
5
9
15
3
6
-1
-11
-5
-8
8
11
-7
-22
-17
-1
7
12
1
-17
-17
18
15
1
3
-1
-14
4
17
-2
-15
-24
-17
32
33
19
-5
-31
-20
-2
24
4
1
-19
-5
13
19
8
-31
-10
1
14
17
-5
-32
-12
-3
11
24
12
-8
-20
15
28
-6
-35
-15
6
7
11
14
-3
-11
-8
-5
14
8
-13
6
5
-12
18
3
-31
5
20
3
16
7
-47
-22
-9
6
60
39
-18
-2
-10
-33
-1
8
-9
-15
7
-7
14
-3
-32
6
10
26
28
-13
-30
-18
7
38
39
-12
-35
-15
-17
-5
28
-5
-14
18
17
-1
0
-18
-17
0
22
17
2
-22
-32
-1
4
12
1
7
2
-6
-5
0
1
-4
6
12
20
4
-19
-14
-4
0
5
11
-6
-7
-1
-2
11
16
4
-7
-22
-10
15
5
4
-12
-13
1
19
16
-6
-22
-19
6
21
7
-1
-8
-1
25
16
4
-15
-34
-32
-4
38
43
0
-33
-16
9
30
1
-19
-17
1
20
18
0
-24
-23
-10
20
32
2
-22
-19
9
25
8
-6
-19
-24
15
39
15
-15
-37
-33
4
36
13
3
-8
-14
0
-2
-13
1
16
1
33
16
-13
-42
-55
-17
45
67
37
0
-45
-51
-16
-6
21
49
43
24
-8
-51
-70
-48
-9
46
83
55
18
-37
-65
-31
-30
-3
2
20
36
57
41
0
-42
-58
-44
1
34
24
-5
-21
8
19
27
6
-9
-13
-7
-7
-23
-23
-25
13
47
53
35
-22
-39
-34
-12
-1
-3
-4
26
39
38
21
-15
-37
-31
-22
-12
-3
10
10
5
26
30
11
-23
-35
-28
-6
10
7
16
11
-6
-10
-10
1
21
13
6
-6
-13
1
-4
4
5
0
2
10
9
-6
-31
-37
0
26
25
8
-6
-7
-8
-9
11
-9
-2
2
-5
8
2
7
7
15
14
-14
-16
-31
-6
16
9
5
7
6
2
-8
-11
-1
26
2
-16
-5
-19
0
11
17
-4
-6
-9
-3
-12
-5
17
25
26
22
-4
-24
-44
-28
1
23
25
-12
-22
-19
10
40
6
-2
-6
-13
11
5
-3
-37
-4
-6
19
1
7
-8
15
18
26
-15
-12
-22
-3
27
32
11
-29
-31
-28
-2
12
-4
5
10
13
-2
-12
-24
-13
38
36
65
-8
-28
-94
-61
-10
69
93
65
-3
-46
-72
-69
-28
5
73
75
73
15
-27
-102
-105
-27
33
105
68
0
-56
-32
-14
27
10
-31
-33
-7
61
68
50
-35
-74
-62
-2
23
15
-2
18
28
24
8
-60
-31
-9
46
58
13
-44
-70
-26
10
36
38
9
-5
1
6
-12
-29
-37
22
47
58
5
-51
-43
-9
14
21
6
0
-2
-8
-3
0
-2
-31
-11
14
12
16
13
0
-26
-21
-17
-3
14
20
18
7
-2
-1
3
-19
-9
-5
12
27
30
-6
-23
-25
-20
12
18
-2
-8
-14
1
32
3
-11
-4
-25
-9
23
17
-2
1
-6
7
-2
-7
5
-12
-1
-8
18
-1
11
-8
-16
17
17
23
0
-28
-32
-12
-3
9
24
22
0
-13
-8
8
-12
-25
-4
30
25
7
-4
-30
-25
2
24
14
-1
-2
-6
-8
-11
-10
0
19
10
38
25
-21
-60
-67
-9
14
33
44
27
6
1
-2
-16
-35
-27
-3
16
53
31
6
-31
-52
-25
9
26
13
11
-4
4
3
-4
-18
-16
-5
30
34
10
-13
-52
-33
-12
27
30
35
28
13
-23
-33
-20
-19
-9
6
36
40
19
-27
-35
-12
-5
4
-3
-6
9
14
5
9
6
-6
-21
-7
2
24
17
-25
-20
0
6
4
2
-4
14
13
0
-15
-36
-30
6
61
61
29
-27
-71
-56
-18
37
41
-2
3
6
-9
5
-7
-4
4
11
26
-12
-32
-43
7
41
43
25
-16
-59
-41
-19
5
42
34
30
7
-10
-11
-10
-3
-10
-4
-5
-17
-12
-17
15
55
43
31
0
-39
-44
-32
0
35
47
9
-22
-31
-27
-12
7
12
9
11
12
13
-11
-5
10
7
19
15
-20
-28
-14
-1
14
15
-1
-5
7
-5
-3
10
-3
-8
-13
0
21
15
12
-7
-10
1
-23
-8
-11
-5
9
11
22
16
-1
-14
-36
-19
18
42
19
-17
-11
-16
-12
0
0
0
11
9
1
-9
-17
-9
2
19
30
17
3
-23
-39
-32
7
13
-6
-8
5
33
35
16
-13
-32
-20
17
23
2
-12
-20
-10
5
20
7
-12
-16
-2
4
-9
-9
-14
3
27
48
27
-25
-36
-21
2
9
1
-7
7
10
25
14
-19
-27
-13
16
23
17
-11
-22
-26
-9
27
18
-13
-13
-12
-9
10
18
-7
-15
-1
24
34
10
-8
-15
-8
8
14
4
-26
-24
-8
33
42
0
-21
-35
-24
4
29
20
12
-22
-30
9
16
2
-35
-28
7
30
26
9
-27
-16
28
42
16
-32
-45
-24
7
22
27
-12
-28
-1
5
-8
3
-18
-6
20
15
21
-9
-10
-2
22
4
-8
-35
-49
-16
17
53
56
21
-19
-13
-17
-11
-4
-14
-9
-5
4
16
-2
-22
-10
3
14
20
15
-5
-21
-6
15
46
14
-11
-12
-28
-3
20
-1
-20
-32
-10
27
27
9
-1
-11
-6
18
10
-17
-29
-21
13
19
18
-9
-26
-26
11
24
10
11
-3
6
-8
-5
4
3
7
8
-4
-5
-16
-21
-4
13
30
13
6
-13
-26
-7
-9
5
1
18
11
-12
-10
2
7
-17
-7
-1
8
-5
-2
22
18
-10
12
12
-8
-4
-21
-26
-1
12
9
15
-21
-4
21
14
8
-15
-15
-16
2
17
5
5
-19
-3
23
7
-5
-25
-32
7
14
23
14
-3
-5
-4
10
-3
-5
-13
-20
2
11
11
-1
-9
8
2
11
16
-5
-12
-21
-11
7
24
14
-6
-6
-8
5
7
0
-25
-12
4
19
20
-2
-6
-17
-7
13
20
-1
-25
-21
-6
10
38
11
-16
-5
-1
3
-2
-17
-16
11
38
29
11
-29
-48
-17
5
29
31
-20
-27
-10
-9
19
11
4
8
15
-3
-18
-24
-17
2
40
30
10
-30
-29
-4
-13
16
30
22
2
-3
-17
-8
-6
4
1
-1
6
-4
-11
-23
-1
27
-1
0
20
5
-23
-13
4
17
8
-8
-15
-6
3
9
18
-1
-1
-14
-5
-2
5
-9
-1
12
24
17
-18
-41
-19
18
24
4
-11
-8
0
0
15
20
-11
-18
1
0
3
-2
-2
8
13
7
2
-14
-25
0
14
10
3
-6
-23
1
23
12
9
-11
-21
-17
-5
-6
26
19
5
-1
-26
-14
-4
14
6
8
-4
-7
23
6
-9
-27
-8
14
12
1
-14
-17
-7
14
31
10
-11
-7
-19
1
14
-2
0
-11
-5
12
-9
6
15
4
-1
-11
4
-19
-7
-11
20
35
3
5
-20
-11
-23
-10
0
19
21
10
11
-19
-17
-1
12
1
9
7
-6
-24
-10
8
9
5
20
20
-26
-39
-15
8
3
16
24
7
-7
-4
-4
-19
-15
-10
18
20
1
0
4
-10
-3
17
7
2
-28
-8
19
24
1
-11
-18
-13
18
12
1
-21
-11
-3
2
17
4
9
-4
-6
17
-14
-15
-17
-4
18
16
5
-9
-10
-8
1
15
24
3
-26
-11
-5
6
9
-6
-17
24
20
-13
-20
-15
8
-12
1
14
12
1
4
18
-15
-8
-3
-22
-16
4
18
31
21
-9
-8
-10
-15
-3
11
-5
-3
7
27
0
-7
-26
-17
19
15
12
-18
-13
-8
13
24
-9
-10
5
2
3
2
5
-8
-22
-11
22
27
16
-11
-16
-3
-1
-2
-12
-13
7
18
9
12
4
-23
-33
2
17
21
5
-12
-7
2
-9
2
11
12
-5
-2
5
9
-5
-29
-4
0
19
36
-3
-19
-31
-15
10
12
8
-6
-1
-8
11
17
-5
-18
-9
0
3
1
-6
-3
15
15
8
7
-32
-23
-2
24
25
13
-10
-31
-12
4
15
12
-2
-4
-8
-16
1
-2
1
8
19
24
4
-11
-46
-18
9
23
32
-8
-21
-16
4
11
9
-4
-20
6
18
16
2
-14
-26
-22
7
33
12
-3
-8
-17
-7
11
-4
-11
12
13
27
22
-11
-32
-35
-33
25
43
15
-7
-13
-1
0
2
-20
-2
7
16
26
6
-20
-25
-25
8
28
13
2
-6
-9
-9
6
8
-5
6
7
9
17
-7
-28
-38
0
17
35
10
-12
-8
-7
1
4
-8
-24
-3
19
34
18
-3
-38
-36
-16
16
33
26
7
-14
-23
-6
13
-2
-3
-4
12
26
11
-32
-40
-13
19
50
27
-12
-31
-23
0
27
0
-23
-10
4
20
17
9
-8
-16
-9
16
10
-10
-22
-27
12
51
37
-13
-60
-51
9
61
50
-1
-55
-46
13
34
21
-4
-26
3
8
-8
-9
-17
7
17
27
23
0
-17
-25
-12
1
7
6
2
-3
4
6
6
-7
-6
-10
-3
4
19
24
1
-13
-24
9
-1
-9
-12
-14
0
18
26
6
-13
-23
-5
37
25
7
-10
-36
-32
-7
3
8
15
6
7
10
4
-21
-22
-19
27
37
10
-3
-14
-19
0
-3
-6
3
-11
2
5
6
-2
19
4
9
13
-4
-19
-18
-22
-10
-1
0
4
12
-5
3
20
-2
-1
-16
-1
4
12
22
19
-3
-34
-28
-4
-6
8
-10
6
9
22
24
-4
-12
-13
0
28
7
-8
-34
-37
-5
20
29
-4
-11
1
17
6
-5
0
-8
-12
10
23
4
-23
-18
-9
15
11
-22
-17
-1
18
32
10
-7
-15
-4
2
10
-1
-7
9
-2
0
-11
-7
10
7
7
0
-8
-8
-7
-7
12
19
5
4
7
-14
-21
-20
-7
18
12
16
8
-3
-12
0
-12
-18
6
8
9
9
-3
-2
-2
-3
12
9
-28
-21
4
20
12
-7
-7
-6
6
17
3
-2
-13
-15
2
-3
5
3
6
-3
12
3
6
-2
-8
10
21
7
-7
-1
-11
-6
0
8
11
1
-11
-5
-9
-3
22
21
8
-9
-9
-4
5
4
2
-4
-12
1
10
-2
-18
-1
1
33
33
0
-22
-31
-15
12
23
14
1
-8
-19
-20
-5
-11
-1
26
24
21
2
-24
-23
-6
9
16
2
3
-5
4
15
7
-13
-5
-3
-1
7
15
-6
-16
11
4
5
-9
-6
-3
-3
2
2
-2
-19
-15
15
22
27
12
-7
-25
-23
-10
7
37
28
8
-37
-22
-9
19
-7
-4
1
17
13
-17
-25
-20
11
23
36
11
-17
-45
-17
12
24
14
-15
-17
12
16
17
-12
-14
-1
1
11
7
-11
-32
0
17
25
22
-28
-29
-13
2
17
9
-3
12
12
-9
-11
-18
-5
10
10
10
-1
-3
-11
5
8
-1
-7
4
12
7
-21
-1
3
1
20
-19
-6
-2
1
-2
5
-6
-6
8
7
5
1
-7
-14
1
10
14
-6
-20
13
9
-1
3
-4
-27
-11
19
29
12
-19
-21
-8
8
12
23
-13
-10
-16
8
3
1
-3
-6
9
13
6
-11
-7
6
6
4
-6
-10
-3
2
9
1
2
1
-2
-11
-3
-4
0
9
4
2
17
-7
-13
-15
-10
14
19
5
-4
-5
-25
-5
16
13
20
19
-31
-26
-3
10
20
-10
-9
4
19
13
-12
-27
-17
-5
14
29
13
-2
-20
-2
-7
3
6
-18
3
12
19
12
-19
-30
-7
14
8
23
3
-24
-5
-5
12
12
7
7
-11
-8
-13
-3
-17
-3
19
9
27
10
-9
-34
-17
7
29
20
0
-14
-9
-14
0
7
6
-1
1
17
8
-13
-36
-9
42
42
16
-26
-36
-17
-12
10
4
8
-12
-17
-2
11
24
18
0
8
-2
0
-9
-28
-23
6
30
20
16
-26
-32
-14
8
30
12
-8
-8
-2
-4
5
14
0
-21
-4
-3
13
5
-6
-1
1
8
13
6
-15
-13
10
17
10
-2
-12
-24
-8
14
27
12
-22
-8
-19
2
24
10
3
-4
-7
6
2
-7
-18
-8
3
21
16
-16
-20
-13
17
19
19
-12
-15
-6
-1
17
4
-10
-17
-3
10
22
1
-7
-21
-16
8
25
11
-11
-9
8
28
2
-28
-23
-11
5
25
19
-15
-10
-4
-1
9
7
-5
0
-1
0
12
-14
-18
-16
17
23
27
-2
-28
-28
-18
12
28
17
9
8
-21
-8
-10
0
7
-4
0
12
9
-8
-19
-24
-1
32
28
3
-18
-15
-7
10
19
6
-21
-26
7
25
12
-5
-14
1
-2
-1
18
-6
-14
-2
19
20
-5
-38
-24
4
17
34
6
-20
-26
-8
11
11
0
11
1
1
12
-9
-8
-20
2
6
21
3
-13
-10
-15
1
31
17
-13
-20
-13
6
13
13
-6
-18
-29
2
26
19
0
-15
-21
-12
18
14
-1
-4
-6
20
19
4
-19
-25
-29
17
36
10
-5
-27
-14
13
26
3
-6
-17
-5
17
4
0
-15
-16
2
12
18
-4
-9
-3
5
0
-2
10
-2
-10
4
10
12
-4
-13
-11
-15
-2
0
12
20
1
-4
0
-16
-13
-4
3
22
19
7
-13
-21
-27
5
26
17
14
-13
-19
-14
3
16
13
-8
-6
15
11
-9
-23
-37
1
32
35
9
-16
-25
-9
2
5
-11
-5
3
19
27
13
-4
-30
-20
-9
18
25
14
-19
-15
2
2
3
-2
-2
13
3
5
-4
-19
-29
-2
32
21
2
-7
-26
-22
-15
20
28
-8
10
10
-1
-14
4
-2
-1
-6
-2
-12
-4
-11
-1
15
21
18
15
-10
-27
5
18
21
-5
-29
-42
-18
2
21
21
10
-4
-4
-11
9
0
-10
6
20
34
13
-34
-71
-27
14
26
30
13
-6
-6
-9
9
2
-5
-2
1
9
10
-3
-23
-22
4
23
14
-21
-22
-8
-5
7
22
22
-8
-12
-5
3
-1
-12
6
-4
-12
-15
5
8
19
20
-2
-12
-13
-1
1
-3
-2
18
20
0
-5
-20
-14
-1
-2
4
-1
9
2
1
12
-10
-9
-4
1
16
4
-6
-31
-11
-4
15
21
11
15
8
-3
-8
-20
-28
-1
7
33
35
4
-22
-15
-15
-20
-7
5
12
23
12
-19
-8
-6
-5
-1
-9
16
17
17
-1
-20
-8
9
16
7
-14
-8
-8
5
15
3
12
-14
-4
14
18
-2
-24
-34
-12
12
17
11
5
-2
-1
13
-11
-20
-14
1
22
36
17
-1
-25
-14
3
-5
-9
4
9
8
19
-1
-27
-11
-3
25
34
6
-19
-37
-28
-8
18
22
28
11
3
-13
-19
-13
4
1
1
12
18
0
-16
-14
2
12
1
-14
-16
-18
2
8
-2
3
11
14
-2
1
14
15
-8
-25
-21
-2
19
25
21
7
1
9
-2
-14
-17
-6
-3
11
18
15
-15
-32
-21
-1
6
-5
-3
-9
4
21
29
16
-12
-30
1
21
9
-2
1
1
6
15
8
-13
-19
-6
15
0
6
6
-9
-23
-3
20
16
10
-20
-22
-14
-14
1
-2
9
18
16
11
-9
-26
-21
0
29
26
16
-2
-44
-23
2
25
5
9
-9
-10
-2
3
16
-4
-15
14
31
9
-9
-31
-31
-16
13
18
4
-20
8
29
25
12
-21
-48
-32
9
33
31
2
-24
-3
6
-19
-6
4
17
9
7
-2
-20
-15
3
3
19
18
-1
-9
-27
-11
6
4
9
4
15
18
-6
-20
-10
-6
6
3
-1
-5
11
14
-8
-13
-22
9
16
2
7
5
-3
-6
-10
-3
-1
-5
18
19
16
-19
-26
-16
-10
16
14
14
10
-6
-4
-11
-16
-1
-5
12
13
18
14
-20
-33
-11
8
17
11
-7
-9
-6
24
3
-12
-1
-2
19
4
-1
-25
-17
3
11
28
7
-22
-12
-15
2
22
0
-7
-15
-5
10
34
14
-12
-13
-11
-16
-2
-13
-1
17
26
27
5
-18
-25
-20
-8
14
31
4
-15
-8
0
7
10
-21
-27
-3
18
40
11
-23
-25
-7
4
21
19
-4
-11
-8
4
5
-9
-17
-10
10
20
31
-3
-27
-22
-4
8
11
14
-3
-10
-5
-9
7
-3
-11
10
-1
8
7
5
-8
-15
8
25
22
-19
-24
-20
-4
6
20
12
-3
-11
1
-3
0
6
-7
0
-12
16
9
-10
-12
4
17
4
-11
-36
-13
15
29
41
6
-24
-15
-20
2
7
12
-1
-24
-10
8
15
-20
-6
16
24
26
-14
-27
-18
-21
11
45
25
3
-19
-21
-20
1
11
1
3
-9
18
7
-8
-2
-1
-6
6
5
8
-7
-23
-10
11
18
9
5
-26
-4
5
7
2
-13
-1
-7
11
20
17
-2
-26
-12
5
9
1
-22
-7
9
26
28
-4
-27
-28
-11
30
2
8
3
-28
5
19
9
-10
-26
-5
11
11
14
-10
11
1
17
15
-17
-14
-16
-11
10
13
6
-1
-2
-11
0
23
10
-10
-17
-22
10
8
6
5
-16
8
13
5
-15
-10
-11
3
15
20
13
-17
-10
-4
12
9
-2
-20
-29
11
11
10
1
-25
-6
0
23
21
-2
-19
-26
10
15
-1
2
-23
5
27
31
-6
-37
-44
-6
35
35
30
-23
-22
-21
19
16
-4
-21
-27
13
17
11
-4
-11
-4
0
8
-5
-2
0
-6
7
12
10
0
-15
-7
0
-7
-8
5
14
8
-2
-17
4
17
2
-10
-7
-1
-4
-1
6
-6
21
9
-1
-17
-19
-5
4
22
18
5
-16
-5
5
2
3
-1
-14
-5
4
-2
3
-16
-3
21
16
17
-8
-23
-32
-4
21
23
17
-10
-16
6
2
-6
-5
5
8
8
-4
-3
-16
-16
12
23
30
1
-17
-22
-20
-7
9
17
6
4
0
-8
-4
1
8
-3
5
4
3
-4
1
-4
6
-6
3
8
-16
-2
-11
-6
14
23
5
-8
-10
1
18
3
-24
-22
0
16
15
13
-11
-5
-5
-3
11
-1
-11
-5
21
30
14
-20
-44
-27
7
27
19
-11
-6
-6
-9
10
7
9
-1
4
-11
-7
-4
-9
-3
1
11
15
10
-10
-10
-15
10
15
4
-7
-5
-6
13
9
-1
5
-13
-22
-4
6
2
9
-4
-6
13
9
-2
-15
-12
16
11
0
-11
-25
-15
3
32
20
10
-9
-23
-22
-9
14
0
4
8
19
13
-9
-21
-30
-4
22
18
0
-7
-12
6
0
10
-1
-11
18
6
-5
-15
-7
13
-2
0
15
6
-12
-9
-3
-2
3
2
-11
5
17
7
7
-10
1
-19
-11
-3
6
16
6
-8
-7
-1
8
7
-7
2
2
-6
3
9
1
7
-16
-3
8
7
-5
-20
-10
15
25
-1
-21
5
5
0
12
-3
-8
-20
-22
3
13
20
14
6
2
-2
-4
-29
-17
-1
25
30
12
-2
-1
-27
-27
-2
19
22
-8
-21
-7
9
11
8
9
-5
-8
7
-7
-5
-13
-8
2
15
24
22
-18
-30
4
4
3
1
-10
-2
8
13
18
7
-26
-33
-18
10
23
24
-6
-5
1
1
-1
-19
-12
11
38
19
-7
-25
-36
-16
18
37
21
-17
-12
-10
0
-6
-6
-3
2
31
27
-4
-26
-31
-10
9
16
8
3
-8
-2
10
9
-1
-12
-8
4
14
-2
5
4
-14
4
-2
-9
-1
1
8
-2
-7
-2
-3
-8
7
25
36
8
-18
-42
-42
-12
25
33
28
-12
-10
2
-5
-11
-14
7
13
16
10
0
-32
-17
2
16
7
1
-11
-10
-5
-5
8
13
7
13
12
-5
-7
-15
-3
-6
-14
-16
12
21
5
6
-5
5
-9
-14
-2
-1
12
23
3
-1
-13
-30
-9
-10
3
13
6
6
11
-9
-11
18
12
-3
8
-10
-9
-1
-25
-11
-2
10
22
10
-9
2
4
-3
13
1
-20
-12
-2
17
24
2
-14
-27
-25
2
9
1
12
20
10
12
11
-20
-26
-31
-14
23
29
13
-2
-18
-18
6
25
21
11
-18
-25
-16
3
7
-8
6
30
23
1
-22
-45
-29
18
28
18
-2
-13
-6
6
17
6
-11
-22
-11
4
21
11
1
-4
-7
9
3
-4
-23
1
3
12
8
-21
-5
-2
22
26
17
-7
-21
-23
-17
9
10
4
-6
-2
1
18
-13
-16
-10
-6
18
31
10
-11
-10
-16
3
0
-7
1
-2
-17
17
33
11
-9
-6
3
10
0
-12
-22
-29
-9
28
6
3
1
-2
-10
-9
1
-5
1
2
34
32
-3
-15
-28
-21
-10
7
15
7
4
-7
8
10
5
-4
-8
-5
2
13
6
-26
-31
4
22
24
5
-15
-21
-10
-1
21
7
-23
-9
12
21
17
0
-10
-5
2
8
2
-26
-15
4
26
40
9
-30
-34
-24
24
35
6
-21
-19
5
14
-2
-14
5
3
10
3
-7
-19
-6
10
20
20
9
-7
-17
-30
-7
11
9
1
8
-1
-6
-6
1
12
1
-11
-16
-10
2
32
10
-10
-8
3
-1
-18
-18
3
9
24
37
11
-21
-37
-17
18
14
-1
-10
-17
-6
-14
0
13
19
10
13
-13
-21
-29
-29
-3
31
46
28
4
-28
-20
-19
-10
0
6
7
21
3
0
-7
8
15
14
-4
-23
-1
-23
-18
-1
7
33
14
0
-25
-4
17
9
3
-22
-7
-2
18
32
10
-16
-31
-21
4
20
-11
-35
-2
37
57
26
-35
-62
-44
24
68
26
-26
-55
-13
18
33
3
-18
-21
8
31
10
-1
-14
-4
4
2
-3
6
-5
-1
5
5
-9
-21
-26
19
45
12
7
-19
-26
-15
1
12
7
15
-1
-10
-18
-14
10
19
17
3
-18
-5
3
3
-11
-8
18
11
16
-11
-20
-27
-8
26
25
0
-25
-7
10
29
9
-25
-30
-18
14
32
16
-13
-15
8
40
23
-20
-65
-51
-2
55
77
6
-39
-31
-2
16
19
-32
-32
-8
37
58
6
-52
-54
10
41
43
9
-46
-40
-3
40
38
12
-25
-32
-4
17
23
-1
-32
-29
-1
33
19
2
4
-12
-8
-10
-5
-1
0
14
7
3
-4
2
-10
-23
-4
13
34
8
-6
-21
-17
7
20
29
-9
-19
-14
1
9
-24
-23
22
23
27
4
-9
-29
-13
5
12
13
-11
-20
-9
15
14
6
-4
-1
5
7
-8
-13
-17
17
21
15
14
-24
-15
-3
-2
-8
-5
-3
-2
17
1
-5
19
5
3
-16
-30
-7
8
19
15
-7
-5
-10
5
7
12
-24
-23
6
14
17
-9
-24
2
21
9
6
-12
-30
-6
-1
18
20
-7
-8
-4
15
9
-9
-14
-3
8
15
1
-7
-11
-1
10
9
-10
-11
-13
3
20
7
-1
4
-12
-20
5
27
18
-17
-23
-10
2
9
9
16
11
-4
-6
-11
0
-11
-16
4
23
34
18
-26
-38
-16
22
22
8
-15
-22
-11
11
22
4
-4
-18
12
18
-4
-9
-33
-6
16
34
11
-4
-18
-32
4
12
20
1
-26
-7
12
7
17
3
-15
-3
7
-13
-13
-4
-10
24
24
1
-11
-23
-5
18
26
6
-19
-28
-14
15
18
18
-5
-23
-7
0
15
-1
-3
3
0
5
12
9
-19
-18
-1
18
24
-1
-25
-26
-11
9
21
25
13
-11
-17
-10
-3
9
-9
-6
6
31
9
-16
-26
-22
12
8
22
15
-17
-8
-8
8
25
-8
-19
-12
7
-4
1
13
-1
2
7
4
1
-19
-21
7
33
26
-2
-31
-24
3
12
16
-7
-7
-7
7
-21
8
15
7
8
-1
0
-3
-17
-17
12
16
4
-3
-6
0
6
-5
-7
-8
12
11
-2
-9
-7
4
10
4
-13
-2
-4
5
14
-5
-20
0
3
-5
14
18
13
-3
-3
-2
-6
-33
-13
11
16
29
9
-20
-21
-13
3
16
12
-12
-11
7
15
18
-13
-17
-16
-6
17
10
-5
2
4
11
1
0
0
-5
-15
16
11
-6
-11
-15
-4
7
12
19
-1
-15
-16
-4
11
1
2
1
2
36
-6
-13
-26
-27
8
19
38
0
-19
-27
0
25
13
-1
-8
-14
-3
9
9
-1
-18
-22
-3
39
30
-2
-40
-37
-10
35
39
-17
-36
-10
53
53
-13
-53
-66
-11
54
68
4
-50
-41
1
44
36
-9
-46
-37
0
73
40
-40
-89
-31
66
102
21
-77
-77
-30
48
69
17
-28
-31
-10
25
35
6
-22
-41
-32
11
46
36
-7
-41
-36
2
45
39
-20
-50
-36
32
56
28
-21
-57
-30
32
45
1
-19
-20
10
20
1
-24
-8
6
23
38
2
-25
-58
-48
17
65
44
-3
-36
-28
6
7
-15
-23
5
36
49
8
-26
-39
-20
5
28
32
2
-22
-28
-10
17
35
7
-13
-16
0
7
11
-1
-3
-18
-10
6
13
9
-6
-4
3
13
3
-37
-24
2
32
46
15
-4
-32
-40
-17
20
26
16
-8
-26
-1
22
3
-14
-16
1
13
11
-2
2
-7
-7
12
-17
-8
3
2
9
12
11
-21
-17
-7
12
32
15
9
-12
-28
-17
-13
-2
24
12
16
-2
-9
-26
-7
5
-1
17
14
22
2
-20
-47
-15
14
22
35
9
-12
-28
-32
-9
13
39
41
5
-18
-16
-26
-18
-20
2
25
42
24
-17
-18
-18
-16
11
17
0
-4
5
20
13
9
-30
-13
-7
4
3
-5
-6
13
19
4
-6
-16
-11
1
15
23
-1
-21
-27
-3
8
16
13
-5
-1
-5
0
-1
-6
-17
16
6
7
16
11
-14
-33
-29
5
38
11
-11
-21
-1
19
22
-2
-18
-27
2
32
16
3
-22
-26
-5
27
18
8
-21
0
10
21
-1
-35
-28
11
54
40
-5
-59
-57
9
47
29
0
-54
-16
15
58
6
-3
-71
4
6
44
-14
-18
-19
50
21
2
-37
-37
0
25
23
-13
19
-42
9
-11
40
4
5
-29
10
-28
0
-15
7
7
35
13
-11
-15
-16
6
-6
-9
7
35
3
8
-20
-8
-24
6
4
26
-4
-11
-18
4
14
-3
12
-6
23
7
-7
-41
-11
-1
19
23
12
-11
-19
-1
20
19
-14
-16
-19
2
24
11
9
-8
-21
-5
4
2
-13
10
2
-3
-2
11
15
-3
-24
-2
11
14
2
0
-23
-17
8
21
23
9
-16
-36
-17
4
31
-2
-11
6
18
13
-4
-32
-27
-5
15
10
14
-9
3
13
12
-3
-14
-31
-7
22
20
13
-9
-11
1
2
-4
9
-14
-7
-5
15
15
-6
-35
-7
36
49
3
-25
-50
-26
30
19
-8
-21
14
28
4
-11
-8
-3
-11
-2
18
7
7
-6
-16
-13
9
19
-2
-9
-18
-5
9
2
2
7
-1
-1
11
7
-15
-21
-14
3
22
10
-5
0
-11
10
19
10
-18
-34
-24
17
63
27
-11
-60
-58
31
60
1
-47
-29
23
41
14
-24
-32
-4
38
45
-18
-63
-38
20
71
45
-24
-51
-36
22
42
10
-23
-16
-6
22
17
-14
-23
-9
29
35
-1
-51
-49
0
33
42
9
-32
-13
20
16
-14
-30
-1
20
13
11
-3
-11
-28
-6
22
22
4
-23
-19
4
9
10
1
-22
-9
24
37
-11
-32
-29
-1
18
4
2
1
9
12
13
-17
-23
-7
4
11
31
22
-9
-31
-32
-4
21
13
12
-6
-15
-6
11
9
-3
-13
-12
29
30
0
-37
-39
-1
33
28
0
-20
-15
-1
21
9
10
-26
-23
19
40
12
-44
-46
-6
58
63
-14
-78
-66
12
92
72
-3
-71
-77
12
74
61
-21
-80
-46
40
81
14
-60
-71
-19
64
98
24
-78
-100
-17
74
105
24
-80
-95
-25
82
99
-4
-96
-48
22
67
51
-14
-46
-40
28
65
24
-54
-68
-33
30
65
45
-28
-76
-36
28
88
22
-60
-57
-10
49
60
4
-56
-42
17
52
26
-40
-62
-12
39
77
46
-30
-78
-43
21
45
26
-6
-29
-33
2
37
28
-12
-38
-21
11
40
16
-14
-15
-10
10
14
-3
-21
-11
6
20
25
-2
-24
-25
-9
28
38
9
-21
-12
-18
-8
-5
10
19
6
-1
14
10
-27
-27
-12
15
14
18
12
-18
-25
-18
15
27
4
3
-17
-12
-13
-7
7
2
13
10
-1
-1
2
-26
-27
-6
23
23
13
-2
-10
-13
-5
5
-2
-8
-8
7
2
18
9
-5
-7
2
2
-5
9
-11
-14
1
4
17
-6
-14
5
8
5
4
-18
-27
-3
18
19
8
10
-13
-18
-23
20
19
4
-17
-15
7
5
19
-3
3
-6
12
-4
-6
-19
-15
-5
32
16
13
-17
-18
-13
2
18
-10
-1
-8
8
9
12
11
-1
-27
9
-3
2
-13
-8
-19
22
30
36
-12
-22
-51
14
13
16
0
-23
-9
16
31
0
-24
-28
-2
1
21
3
-1
-10
12
19
27
-12
-40
-23
-10
12
22
6
0
-12
-1
13
23
-2
-13
0
-3
6
-10
-17
-20
5
30
30
-3
-22
-26
-5
-8
24
12
2
-11
3
18
2
-12
-18
-6
2
5
7
4
-6
-6
-1
-7
8
15
7
-12
1
7
-7
-15
-19
-3
32
38
7
-7
-29
-35
-12
15
23
23
5
-9
-5
-4
4
-7
-28
7
24
10
-13
-23
-5
25
14
4
-6
-22
-21
5
20
23
12
0
-17
-3
-5
-3
-16
-8
23
11
-9
-9
7
-11
-5
5
18
2
-11
-21
-15
4
14
19
12
-13
-10
-12
-9
18
21
8
-16
-21
-2
29
15
-5
-9
-11
1
-4
-11
-8
-6
7
31
24
-9
-30
-11
-1
17
13
2
-11
-8
-2
3
-6
-3
24
22
0
-23
-27
-16
6
19
32
25
6
-38
-43
-7
9
18
9
6
10
2
-14
-19
1
8
25
8
-20
-1
-8
-2
-2
-2
17
18
9
-23
-27
-18
5
23
7
10
-2
-6
12
0
0
-19
-17
-1
5
12
14
2
-4
-7
5
-6
-17
1
0
27
23
0
-23
-27
-13
7
20
12
9
-10
-22
-25
-14
23
33
22
9
-8
-15
-26
-23
-8
15
33
17
4
-21
-20
-2
14
18
6
0
-8
-11
-3
7
11
11
5
1
-21
-30
-11
7
10
5
10
10
4
1
2
12
10
-7
-43
-48
-16
26
54
40
16
-23
-31
-22
-6
3
23
9
8
15
3
-19
-31
-36
6
29
19
4
-26
-17
5
28
10
4
3
-21
-19
11
2
1
10
-2
17
14
-4
-14
-26
7
26
10
-18
-10
6
-7
6
11
15
15
-17
-28
-23
-8
28
19
-3
-3
-14
8
9
8
-6
-18
5
13
14
-2
-24
-34
3
28
27
9
-16
-23
-4
-3
-1
1
-2
22
17
5
3
-20
-36
-13
3
21
15
-2
8
7
9
7
-21
-35
-20
19
30
20
-1
-28
-14
-9
13
25
9
-13
-9
-6
1
4
-2
-9
13
21
15
11
-19
-50
-13
8
35
37
-2
-13
-24
-4
9
10
-13
-28
-1
22
36
31
-13
-49
-34
-13
41
59
-28
-5
-27
-22
32
-14
-13
15
36
53
9
-49
-77
-46
22
70
51
-9
5
-23
-14
-7
-59
-5
32
13
88
15
-7
-26
-96
-2
-13
9
33
-8
22
30
10
6
-17
-33
-12
14
34
13
-4
-40
-41
28
4
32
3
-26
26
-26
-18
16
-15
0
6
26
20
16
0
-30
-23
-8
9
18
2
9
-25
-1
43
-10
7
-29
-34
21
8
22
12
-21
-10
-17
-1
16
8
-5
-4
-3
-1
-10
-1
22
7
5
5
-3
-8
2
-14
-7
0
0
-4
3
19
12
9
-13
-21
-17
-8
14
23
7
-16
-29
-19
6
3
8
20
12
-6
0
3
-17
1
11
27
22
-9
-28
-32
-13
15
20
0
-8
-3
2
-4
-5
0
-7
-23
-19
7
25
22
12
-10
-29
-15
4
6
-4
-3
11
32
29
4
-31
-40
-7
32
35
3
-11
-23
-23
-1
3
9
5
1
3
2
-9
-30
-2
4
15
19
10
8
-13
-28
-7
2
8
15
12
-1
-8
4
1
7
-8
-8
5
4
2
15
-15
-23
-5
11
19
0
-15
2
15
9
-8
-22
-29
2
42
43
21
-32
-59
-31
7
37
36
-9
-9
1
15
0
-31
-45
-1
29
51
25
-15
-45
-28
14
29
15
-12
-22
-7
12
5
-3
-4
-5
10
33
15
-8
-29
-31
-4
11
19
-4
-23
0
21
30
2
-17
-26
-14
12
8
16
3
-9
-6
10
-4
-5
-6
-3
-1
11
10
2
-3
-1
-8
13
9
-8
-10
-7
-6
5
12
-4
-14
-10
18
27
10
-18
-19
-32
7
17
24
16
-6
-20
6
13
0
-10
-25
-20
25
41
8
-12
-28
-6
9
24
6
-8
-13
-9
3
3
-11
10
-2
-6
7
9
7
-22
-8
20
13
0
2
2
-15
-4
-2
-6
-1
-6
3
10
13
-3
6
7
-1
-27
-19
-10
3
43
28
-7
-28
-15
-13
1
-3
12
25
10
8
-12
-24
-21
-6
13
34
21
3
-17
-40
-31
1
22
29
15
2
3
-1
-27
-30
-5
16
45
13
-11
-27
-31
0
31
28
-7
-11
-17
-6
18
-12
-8
13
23
12
-1
-16
-16
-19
-13
19
27
3
-17
-9
-6
33
23
-19
-34
-24
12
28
21
-13
-8
-9
-1
6
17
-10
-31
-5
12
26
12
-15
-17
-11
13
19
0
-24
-26
24
21
24
-8
-26
-26
13
19
14
7
-8
0
8
12
-3
-9
-13
4
15
14
-5
-34
-33
12
25
35
2
-22
-13
-10
-9
11
3
0
5
-10
1
0
-10
-6
5
22
2
7
-8
-4
-6
-5
17
1
10
-1
-18
-16
1
13
11
-4
-11
-10
8
24
12
-9
-9
-15
-3
-3
-2
-10
10
21
18
8
-9
-25
-34
-9
23
44
13
0
-23
-29
-4
5
7
11
14
7
-5
-25
-19
0
2
13
28
0
4
-16
-15
1
-1
13
14
-3
-19
-2
-4
7
4
-7
0
8
14
7
1
-6
-17
-8
7
18
5
-15
-4
2
19
1
-20
-19
-6
18
40
23
-11
-47
-23
12
30
18
-29
-25
12
33
-1
-20
-27
-2
28
21
16
-20
-27
-6
5
23
18
-5
-30
-27
10
26
10
8
-10
-1
-8
-13
2
-12
-12
24
42
6
-24
-29
-24
9
24
4
-6
-10
5
4
-2
7
2
-1
-10
-6
0
20
9
-56
-26
1
13
37
44
-3
-102
-18
1
53
-34
22
-108
74
-31
330
276
186
-396
-924
-1061
-1221
1248
3246
1796
323
-3196
-2645
-1885
-753
2914
2750
2692
121
-3356
-3114
-3198
459
3330
3625
2621
316
-1910
-3175
-3074
-2840
127
4544
4811
3290
-485
-3984
-4696
-3139
1378
3379
3160
1983
-432
-2623
-3675
-2524
261
2135
3309
2542
526
-2685
-3527
-2392
-862
1634
3181
2612
1301
-882
-3421
-3562
-1849
1080
3325
3445
2400
-112
-2916
-2947
-1534
-533
1185
3010
2293
542
-1389
-2916
-2164
-508
1378
2836
1779
742
-739
-1865
-2123
-1028
193
1661
1772
547
-474
-1549
-1004
-607
101
1247
1689
373
-739
-1036
-1328
-790
886
1136
461
-222
-87
-160
-804
76
811
429
41
249
-194
-478
-479
-215
240
543
234
398
-20
-406
-196
-204
-39
475
393
-329
-524
-39
198
-76
144
442
-43
-464
-280
-212
-107
263
377
120
-48
-92
-223
-350
-433
223
371
24
210
236
-69
-276
-59
-118
-76
251
610
180
-418
-110
116
-334
-157
467
329
-6
40
-9
-96
-153
-138
-217
-227
248
322
-56
-159
55
-117
-298
-128
161
42
-138
97
202
-70
-144
-9
-211
-73
235
186
-32
53
249
106
-138
-138
-41
-13
100
71
6
108
48
-64
-92
-128
-76
153
175
-57
-77
8
5
-25
-79
-43
58
75
14
7
12
-48
-114
-52
26
20
4
-41
-84
-15
57
1
-15
94
37
-62
-47
15
39
-30
-42
186
122
-77
-52
-95
-87
96
166
19
209
105
-139
-361
275
-453
122
858
-1743
244
802
883
262
-1284
-438
-732
1487
-275
-734
572
616
1084
-1861
-760
-1100
-1205
3710
770
-489
1073
-1222
142
-1484
-1454
-627
1581
3438
1159
-547
-1875
-1719
-1758
352
2477
968
1324
951
-1102
-1640
-2460
-295
501
1587
2687
578
-1071
-2123
-1620
-1228
406
1542
1917
1400
542
-1774
-2263
-1795
-201
2037
1277
1924
409
-1527
-1724
-1146
-873
285
2113
2498
1111
-369
-1437
-2129
-1225
-460
1152
988
1341
1560
-425
-905
-1726
-839
739
706
919
659
66
-395
-441
-789
-796
423
351
540
345
-349
-83
-863
-360
400
340
539
578
-299
-1067
-11
-413
-501
113
257
940
702
107
339
-369
-550
139
73
-184
-36
-171
-248
422
-53
121
121
-15
661
29
-324
-58
-246
-503
-224
17
223
494
74
153
-143
-247
182
-348
-546
-128
385
-48
72
72
-9
51
-140
111
18
-11
213
304
-294
-99
39
-91
42
95
175
-1
-21
163
-1
-321
25
288
16
-17
155
-102
-89
-134
14
77
-238
50
104
-136
-21
184
-59
-123
72
39
-85
-114
-66
-97
-98
282
166
-287
-31
124
-25
17
153
35
-5
95
87
-67
-182
-5
174
-1
-68
47
-1
26
113
30
-142
39
109
-37
-170
-40
127
-33
-65
34
34
-110
-26
76
-10
-34
35
-68
-132
95
37
-66
-49
70
39
-24
22
0
-83
31
152
-77
-12
10
114
-31
66
-62
64
-113
-103
436
-597
389
-293
519
446
-1326
672
-442
362
298
-524
186
-374
465
148
-533
-146
49
131
202
355
-441
-571
317
-215
392
18
64
142
-533
478
6
-28
-175
-84
489
-48
149
-180
-192
92
-256
446
96
-97
32
-271
141
-16
-110
-8
5
-14
182
-123
36
-220
-319
27
-31
303
-54
-18
-152
56
197
-94
-159
-153
-152
119
105
-85
132
-195
255
315
141
-8
-210
-91
-84
109
-109
75
-67
-27
186
42
198
-51
-84
76
112
117
-117
-103
-94
-107
117
-101
-1
-153
-81
134
90
81
-113
6
-82
28
-99
-134
-123
-88
103
38
-4
49
48
133
139
14
109
3
56
-7
-62
-116
-70
49
20
143
-50
84
79
36
88
-90
13
-87
25
-78
-25
-22
-168
61
-90
88
-19
24
-64
-56
-20
-66
57
-137
39
-44
73
14
76
-3
-31
64
-13
91
-44
1
-6
12
32
52
27
25
16
51
18
4
-25
-61
-7
-44
46
-46
3
-24
-12
33
-9
12
-8
8
-22
5
-18
-18
-49
-18
-30
-10
-10
0
-20
-26
27
8
51
2
17
28
-6
21
7
6
-25
0
27
-14
21
10
-1
-1
21
33
22
-5
-8
-12
-3
-6
-5
-27
-45
4
-1
2
-9
-19
-22
2
20
12
-19
-18
-1
7
9
5
-12
-17
3
13
-5
3
-5
-7
6
17
26
-3
5
11
13
-6
10
18
-6
-23
15
7
-2
-4
-6
18
2
-22
37
2
-51
42
-17
-25
-30
46
11
-69
77
71
-301
301
69
-558
887
-589
-476
1121
-838
413
180
-802
1339
-552
-1111
437
-4
727
458
-1074
-818
57
112
1403
187
-1282
404
-202
621
702
-1433
-443
447
511
804
346
-591
-849
152
368
788
272
-501
389
-615
-712
-186
-239
478
323
212
68
-519
-312
-230
-484
231
-112
287
448
-218
-534
-452
43
-49
672
375
-129
248
-280
-373
393
-409
121
929
72
64
-252
-621
39
156
-137
404
62
-30
482
-399
-419
-41
-202
454
303
-243
33
-181
-270
25
-233
-87
336
-77
10
422
-622
-298
287
-199
190
201
-320
68
-18
-424
405
-48
-222
614
-9
14
503
-322
-212
-14
-252
289
155
-189
153
19
-161
350
-99
-248
255
82
14
17
-209
-86
-27
-176
63
162
-128
76
123
-213
-29
-19
-51
-35
-35
78
15
-201
-55
45
-39
88
96
-58
7
32
76
138
-44
154
127
-108
99
151
-118
-7
11
-38
108
32
50
0
-103
30
-8
-192
13
-5
-141
59
-20
-75
-36
-69
21
20
-54
12
-21
-88
9
-9
-22
40
53
99
70
-24
26
16
25
63
-25
21
83
-50
0
73
-55
0
77
-46
-27
45
-40
27
32
-68
53
54
-111
-6
4
-78
58
13
-91
-9
17
-34
3
-14
-29
19
-23
-36
3
-16
-12
13
3
21
9
22
25
-22
9
71
15
-11
25
0
19
17
4
19
33
-5
-18
13
14
-19
-17
-1
-18
-8
-34
23
-50
9
-21
117
92
6
-233
-253
276
-204
1139
-705
-946
596
-1094
2647
-635
-360
438
-2896
1884
195
893
325
-3544
923
546
1656
375
-2288
-637
67
2837
1088
-726
-2007
-1807
1109
1242
1323
-541
-549
1111
-72
1054
-446
-432
-139
-639
1060
-715
-29
-182
-648
532
-538
607
447
-518
-40
-701
-407
83
-314
504
-44
254
516
-732
13
-519
-63
697
430
566
-539
-547
580
-68
718
172
-410
178
39
350
-81
-935
-358
-53
989
841
-178
-551
-421
404
-106
72
-457
-102
415
187
401
-558
-594
-435
-278
629
212
541
-440
-390
323
189
320
-764
-476
112
258
224
-221
-338
-164
468
717
90
60
-7
197
-409
-281
206
-208
-204
-279
332
489
-41
-262
-247
349
439
136
-351
-54
316
-275
-290
-221
-66
-131
-76
299
140
94
-125
109
-113
-157
28
-308
-316
-91
339
56
-37
-132
97
327
35
293
45
-16
44
-25
66
-70
26
-181
87
83
297
185
-286
-90
-83
372
101
-345
-323
30
203
-172
-120
-70
26
-35
-49
170
17
-44
-74
41
145
-173
-158
-30
66
41
-93
53
225
212
-111
-126
164
159
10
-68
10
34
-71
7
7
51
-48
-114
52
116
132
-59
-75
114
97
-73
-167
-70
-10
-4
-29
-71
-18
67
67
-66
-55
35
34
-22
-63
-2
-69
-31
5
-17
42
18
19
34
48
95
47
-62
-46
56
37
19
-51
-40
101
89
22
-69
-43
78
46
-73
-56
13
-3
-26
-43
-31
29
-26
-26
9
-11
7
-14
-57
-55
16
31
-13
-47
-18
61
27
-29
32
36
29
40
19
21
10
3
8
-14
8
54
12
-49
-9
35
13
-33
-41
44
46
-28
-29
15
13
-49
-35
12
-3
-17
14
3
-43
-24
11
25
-22
-34
33
40
-12
-20
-6
-6
11
7
-2
7
-14
9
-39
51
65
-44
-69
63
84
-24
-29
-158
19
190
-2
1
-11
-463
729
159
-181
735
-2412
156
788
971
2543
-4384
-696
945
-1524
2128
779
-339
-709
-1939
605
199
325
364
-148
765
2394
-1093
-3245
509
-206
-666
1582
2347
2028
-504
-1903
-1498
-1510
300
1413
1962
426
-381
-1035
-2352
-243
-300
676
1751
854
442
-886
-1284
-619
-1700
-819
1211
720
983
-315
-250
-607
-878
451
1538
1286
197
-229
-850
-1444
-320
70
-294
1656
947
384
917
-595
-1174
-849
-25
1205
628
-415
-286
-581
-960
-160
-115
485
797
297
844
150
-373
-396
-1336
-999
284
642
403
146
-173
-296
794
581
-345
-552
-518
206
341
-370
-126
-139
-582
577
793
414
769
-156
-437
48
-712
-168
62
-400
242
486
69
89
138
-282
-194
443
915
65
-978
-327
-71
-520
-308
372
206
144
802
298
-470
-538
95
238
-696
-568
318
315
-15
52
-65
-111
194
320
-45
66
507
213
-517
-430
363
-120
-576
294
566
280
-87
-144
167
-216
-34
203
-341
-88
481
54
-359
-22
32
-358
-300
337
377
-319
-181
401
38
-229
2
-318
-78
285
29
-227
-63
259
-16
-252
162
453
4
-3
139
-86
-123
9
-26
-313
-203
185
206
-71
-86
268
187
44
130
-23
-59
-123
-252
-196
-88
13
169
-5
62
272
49
-10
85
-89
-207
-30
63
-94
-283
-111
53
-12
32
189
196
16
34
190
-47
-185
15
-14
-140
6
168
27
-80
-36
52
126
141
24
-156
9
204
46
-200
-161
58
5
-58
9
54
11
5
45
8
-67
-32
28
-71
-71
-13
45
29
-70
-69
84
140
-9
17
30
-33
32
-2
-93
-26
44
-13
7
26
-18
11
18
55
41
-49
12
94
-8
-51
-31
-85
0
70
-37
-42
27
17
9
0
16
-3
-7
19
-32
-42
17
-25
-60
-31
29
43
-36
37
62
-64
2
82
-37
-62
6
6
41
30
-39
3
15
-1
9
-2
2
15
-17
-5
7
-32
15
-32
-19
78
21
-33
15
-15
-27
5
4
-5
-55
-15
64
24
-20
5
-3
-45
6
49
26
-19
-33
16
-5
-21
9
-12
9
41
2
21
18
-20
-29
-7
15
37
-2
-22
-21
-9
9
19
-9
-16
-8
12
33
-11
-21
6
8
-1
17
-8
-11
-19
-17
41
23
-32
-33
-15
27
26
24
6
-35
-27
-4
4
27
19
-7
-8
18
-16
-29
-17
-7
40
10
27
19
-10
-6
-1
-4
8
7
-9
-26
-43
-15
10
16
7
26
12
10
28
-26
-21
-8
3
-7
-16
5
-13
-16
8
28
9
17
8
1
-17
-23
8
20
15
-2
-21
-24
12
15
-4
-11
-2
22
34
-8
-27
-9
-4
6
-3
-5
20
-1
-17
0
10
15
6
-21
-17
6
3
-3
5
-4
8
3
-2
7
-20
-24
4
10
22
20
-28
-15
1
21
11
1
-17
-2
8
1
-2
-14
0
16
13
10
-2
-9
-20
-4
25
25
-12
-53
-22
22
31
16
-12
-20
-5
19
25
-4
-4
-21
-13
5
28
10
-31
-22
-3
15
28
8
-7
-2
3
-1
-5
-4
-1
-11
-7
21
17
-20
-9
3
2
-1
6
31
17
-17
-38
-25
-15
21
42
21
14
-30
-39
-22
11
14
-2
20
19
5
-23
-35
-19
14
12
29
22
-8
-33
-4
15
11
-20
-27
19
34
9
-10
-30
-4
14
17
24
-5
-33
-29
15
14
10
-7
-11
-7
-1
6
12
12
-23
-18
8
20
7
-14
-4
-6
35
-19
30
-54
35
-57
97
-77
161
-291
267
-471
1195
355
979
889
-5389
40
-3235
2937
7810
-1699
1272
-8208
-2363
987
1133
5605
2336
-2039
-709
-1685
-2016
-2085
-1392
-294
5873
6445
216
-603
-6661
-2924
-1811
1977
5301
2322
1306
-2041
-2660
-4094
-2936
2165
2500
4514
2274
-1996
-1419
-5075
-1895
-60
1537
4733
121
-334
-1864
-2687
-1683
241
2252
3803
1315
902
-1805
-3273
-2801
-1775
2742
2634
3746
900
-1845
-1699
-2252
-1492
1226
802
2033
1512
198
-329
-2614
-2518
-933
1258
1941
1216
667
-1157
-154
-934
520
858
-317
332
-930
-814
-810
-385
72
658
1459
1083
261
-604
-1562
-401
-471
1117
668
-597
-563
-307
-200
33
893
398
1063
77
90
68
-938
-949
-610
-747
650
1220
329
-53
-118
331
-69
-81
-48
362
-465
-672
-471
-401
258
864
622
109
213
-122
-374
-224
-296
236
-180
-431
326
-119
-77
-231
429
238
528
359
-125
-441
-633
125
57
190
158
397
-177
-39
-134
-97
-4
-282
33
63
147
321
-77
-97
15
83
-120
-179
-91
-172
33
112
282
13
-160
6
-23
-117
33
127
54
81
-123
-60
-130
-54
-53
54
219
126
35
57
59
-221
-22
-76
118
26
-16
-36
-75
14
2
118
20
-2
116
70
-178
-157
-138
2
35
55
79
-8
-12
93
-71
-84
24
92
-47
-39
7
-92
-129
13
53
-36
52
124
67
-93
49
56
-3
-13
30
-4
-10
-44
-46
-85
-23
74
62
33
44
104
5
-62
-44
19
-36
-35
15
-1
-65
13
34
-30
-19
58
65
-2
-41
-6
-39
-63
-14
17
15
38
73
4
2
10
-21
-68
2
22
9
7
34
13
-9
-9
-8
10
6
14
6
7
-3
-6
-17
-15
9
10
12
-13
-22
-29
-12
-47
24
118
-11
-13
152
-93
-30
-197
-112
771
-871
493
1132
-2347
987
427
-1366
1303
-789
1426
144
-2292
1643
-1015
-160
1717
-1768
862
1283
-2594
69
2005
-1488
-460
1740
496
253
-538
-61
-394
-1199
1049
374
-822
446
653
-898
-720
886
-391
-186
1172
616
-394
-1518
324
361
-1803
223
1037
112
-146
-196
429
-343
-436
735
458
-40
198
-131
-387
-35
189
-416
62
1138
-356
-460
287
-337
-49
16
298
390
-348
65
333
-545
-538
220
175
82
94
86
192
-597
-163
461
-590
-32
510
-197
-221
193
252
-285
-87
384
200
-540
-417
517
-410
-482
846
155
-303
351
150
-134
-27
21
229
-134
-319
478
-152
-701
373
168
-324
218
399
90
-212
-102
253
-111
-498
269
166
-591
44
435
-239
-218
485
273
-263
-158
190
-79
-583
86
342
-284
-58
334
140
-197
0
369
-63
-329
255
208
-453
-90
314
-197
-204
303
205
-158
-78
201
15
-354
68
242
-287
-79
254
-71
-242
56
165
-103
-83
199
104
-182
60
157
-215
-50
154
-89
-82
79
45
-84
-29
112
-10
-105
93
86
-135
-18
124
-79
-128
121
95
-119
36
166
-68
-108
99
16
-154
40
119
-114
-51
130
1
-98
30
114
-29
-104
70
61
-141
-56
114
-16
-113
71
95
-104
-28
125
-28
-91
70
53
-86
-25
76
-31
-74
69
33
-75
35
83
-51
-42
71
6
-74
11
48
-33
-32
36
15
-30
3
29
-9
-19
8
5
-10
-12
-14
8
10
-27
-5
40
-7
-28
27
21
-22
-5
19
-5
-13
0
4
3
-8
-4
21
4
-18
13
21
-19
-7
23
-6
-25
13
16
-19
-8
23
3
-18
7
14
-12
-9
9
-3
-9
1
2
1
-2
-3
7
4
-10
1
9
-8
-9
9
2
-9
3
11
-3
-7
11
3
-12
4
8
-10
-4
10
-3
-7
8
4
-7
1
6
-3
-7
3
3
-6
-2
3
0
-3
-1
5
1
-4
1
5
-4
-4
6
-1
-8
3
3
-5
-1
6
0
-4
4
2
-3
0
2
-1
-2
1
1
-1
-1
3
1
-1
0
2
-1
-1
2
1
-2
2
3
-2
-1
3
-1
-4
1
2
-2
-2
1
0
-1
-1
1
-1
-2
1
1
-1
0
1
0
-2
0
1
-1
-1
1
1
-1
2
1
-1
3
4
-3
-3
6
0
-8
1
7
-3
-6
8
5
-8
1
13
-7
-14
13
11
-20
-4
25
-4
-23
12
17
-21
-15
20
1
-27
7
28
-14
-19
25
12
-30
-5
24
-10
-24
13
13
-14
1
25
-1
-21
16
18
-26
-9
22
-6
-24
24
7
-10
-6
27
-24
1
-6
17
-37
-38
106
-45
-77
153
-192
298
320
-901
1653
-1808
-396
1510
-2312
2658
-895
87
792
-2441
1616
-425
-570
1759
-863
-413
786
-877
-588
449
-42
-92
1755
-320
519
-539
-1347
459
-800
804
742
225
-118
-217
-522
-1008
634
241
347
1250
-638
-161
-1051
-1097
224
-457
976
606
75
-6
-501
-660
185
-43
437
1034
-421
144
-758
-737
-603
487
851
623
1076
-216
-779
-327
-976
58
622
178
1083
25
-248
-593
-929
-526
120
592
666
809
-145
-101
-395
-755
219
-315
178
230
-167
-179
-228
-102
189
386
414
72
-4
-688
-242
-177
-307
451
-5
-27
195
116
111
501
161
86
34
-470
-258
-223
-341
284
206
77
441
-69
-30
29
-14
20
158
-144
-222
-137
-372
-21
135
184
261
209
-23
-62
-154
-302
-11
-144
-60
186
-141
75
-78
-54
68
52
174
182
135
-92
23
-269
-146
-38
18
55
185
150
69
57
-124
19
-150
-77
124
-32
11
30
-72
-67
-35
34
49
33
9
35
-108
-128
-4
-86
-5
88
64
38
30
-22
6
-46
15
43
-32
-12
2
-39
-17
91
16
95
34
23
-13
-53
-25
0
-14
-17
31
-32
-20
21
24
11
49
-15
9
-48
-28
18
0
-4
35
-1
-55
-9
-28
-2
0
17
-2
-5
-33
-25
-4
-8
18
29
16
4
8
-6
2
30
7
16
8
-23
-28
5
70
9
-135
81
217
-21
-81
15
297
-731
275
1102
-2060
237
1716
-1196
-227
34
860
2
-1359
1313
-680
-925
1907
-1182
-776
1679
-1329
-620
1921
-422
-786
962
541
1
-576
-74
365
-760
21
799
-273
-387
425
25
-348
337
-162
-116
400
40
150
-586
-114
490
-977
-284
366
-243
-59
-134
351
206
-332
630
575
-621
-210
358
-454
-600
215
-22
-276
463
234
241
293
-288
424
238
-438
104
-143
-418
-108
-226
-157
9
-23
368
322
120
510
-89
-196
437
-410
-594
32
-194
-432
-75
346
172
53
308
460
-116
-385
325
-301
-836
131
-14
-356
174
188
228
374
101
341
233
-372
77
-24
-580
-11
14
-305
137
332
194
134
94
284
115
-387
-33
115
-419
-194
160
-68
-133
143
231
60
-36
193
210
-307
-128
185
-264
-312
-18
33
-78
-112
228
226
-162
159
419
-159
-162
324
-6
-326
62
177
-173
-193
177
134
-265
46
329
-171
-113
325
40
-252
44
191
-181
-264
172
82
-343
29
298
-195
-155
276
33
-235
60
174
-153
-169
165
43
-223
59
187
-122
-40
202
14
-126
56
168
-88
-141
189
97
-175
-67
164
-95
-157
430
-43
-604
131
412
53
-228
-81
78
-257
222
350
-462
-151
200
-125
81
307
-148
-435
91
440
29
-307
-66
120
-127
-11
287
-57
-240
142
157
-57
34
25
-21
-16
-62
34
6
-17
-62
-108
123
66
-38
67
10
-10
-62
1
172
-59
-199
-17
7
0
44
-17
-100
50
168
31
-33
-100
-41
121
-39
-99
8
-56
-3
119
53
-56
-33
60
71
-17
-47
-36
-52
70
83
-57
13
55
-6
15
48
-2
-86
-43
15
-2
-24
-2
14
-51
26
111
-26
-66
13
25
-8
-41
-11
-1
-64
-30
59
6
-43
8
19
20
30
23
-9
-33
25
49
-36
-55
18
15
-31
6
41
1
-24
18
42
-12
-25
21
-12
-44
24
34
-42
-34
31
25
-14
-7
7
-21
-21
24
0
-49
-5
34
-17
-21
40
19
-34
5
42
0
-22
10
9
-17
-3
20
-5
-23
15
28
-16
-9
29
1
-26
10
16
-23
-16
19
3
-19
3
18
-7
-7
15
-2
-22
-1
10
-16
-15
8
3
-10
9
17
-10
-5
23
0
-26
5
15
-18
-10
20
3
-13
12
20
-11
-12
20
3
-27
-2
18
-14
-17
18
10
-16
2
19
-5
-13
12
5
-22
-3
16
-10
-19
15
12
-19
-2
22
-5
-19
10
10
-20
-7
19
-7
-19
14
15
-17
-3
24
-1
-17
14
14
-15
-4
19
-3
-19
10
15
-17
-12
18
2
-19
4
17
-8
-11
13
6
-11
0
12
-5
-12
8
7
-14
-4
11
-3
-11
6
8
-7
-2
10
0
-7
6
7
-8
-5
9
1
-10
1
7
-5
-5
7
3
-6
0
5
-3
-6
5
8
-3
-4
-1
-6
-7
2
3
-1
7
11
-2
-10
-3
-1
-12
-4
16
6
-15
-7
4
2
8
7
-7
-4
14
-4
-32
-17
9
40
39
-68
-107
78
200
54
-99
-100
-22
103
121
-85
-229
-93
78
112
85
-44
-138
76
322
168
-133
-212
-175
-96
50
85
-33
-63
47
78
24
1
-23
-19
88
170
92
-49
-117
-106
-43
53
105
30
-72
-85
-51
-23
28
50
28
18
81
101
-9
-103
-126
-78
-17
78
91
-2
-44
-18
35
72
14
-42
-29
-17
27
-13
-67
-61
2
76
91
71
-3
-50
-43
7
9
-39
-34
-40
2
52
49
13
-12
19
24
2
-26
-55
-43
-36
39
45
-33
-23
4
28
36
32
-24
-13
-10
-12
16
-43
-27
15
0
1
9
-15
12
21
35
13
-22
7
26
1
-32
-19
-10
7
2
14
0
-15
9
14
24
-10
-5
-11
-24
22
-15
2
-20
-10
11
6
7
-2
2
-17
21
6
3
2
4
-16
5
20
-14
-8
-18
8
7
-2
14
-11
-18
22
7
0
-17
-4
16
-17
4
17
-8
-13
14
13
-2
-8
-13
2
9
6
10
-13
-3
11
-6
-18
11
16
13
-7
-22
-11
-6
10
2
0
-7
4
1
9
15
-5
-21
1
19
9
-2
-18
-11
26
19
-1
-22
-35
9
22
17
22
-6
-31
-25
10
23
-5
-11
-7
12
4
14
-12
-41
-2
25
10
4
-5
-2
17
-8
-6
10
1
-9
-21
-6
16
24
16
-14
-17
-17
-12
8
30
11
-14
-13
4
8
-3
-8
-19
2
14
21
2
-30
-8
1
11
33
9
-18
-11
8
-11
-13
-16
-11
24
23
17
-4
-28
-15
2
3
-2
1
-9
3
23
4
0
-24
-5
9
14
8
-11
-4
-1
11
0
-11
2
-4
1
26
15
-6
-24
-5
-7
-10
16
14
17
4
-18
-24
-19
0
24
26
1
-23
-17
16
16
14
-13
-19
2
-1
0
-11
-2
-2
-2
20
21
-2
-10
-15
3
0
-7
-3
-27
13
10
51
13
-18
-38
-48
-55
72
111
81
13
-6
-98
150
518
-544
832
-1682
-1869
1139
1089
2707
-1111
-1261
-908
-983
2123
714
-1166
-128
-36
-421
719
-257
-2201
-40
1762
1769
1793
-332
-752
-2071
-1362
919
575
1004
523
343
-380
-911
-445
-592
616
978
654
610
-786
-793
-1196
-395
1137
367
296
92
-993
-1216
-441
9
459
146
991
912
143
-469
-1206
-1082
-500
1090
1119
320
-53
-997
-611
591
272
461
756
561
696
-296
-951
-1443
-1274
225
1100
1048
300
-343
-590
-63
308
175
707
291
-292
-568
-597
-697
-694
-174
419
857
643
239
-103
-401
92
141
-310
-431
-611
-408
109
285
152
407
58
43
474
263
351
206
-406
-394
-335
-308
13
80
350
414
153
55
74
-252
-224
112
192
57
-130
-128
-172
-161
-105
-52
-16
77
324
73
-222
-66
-72
1
-118
-225
-122
-9
57
202
91
-26
122
28
-4