0
0
-1
0
0
0
0
-1
0
0
0
0
0
0
0
0
0
0
0
0
0
0
-1
0
0
0
0
0
0
0
0
0
1
0
-1
0
0
0
0
0
0
0
0
0
0
0
0
0
0
0
0
0
0
0
-1
0
0
0
0
0
0
0
0
0
0
0
0
0
1
0
0
0
0
0
0
0
1
0
0
0
1
1
0
0
0
-1
1
1
0
0
0
0
0
0
0
0
0
0
0
0
0
0
-2
-18
-24
-27
-29
-21
-23
11
16
-6
-28
-17
5
-7
11
21
2
2
2
0
-3
-5
14
22
17
20
19
18
23
30
39
32
30
19
6
0
14
24
9
12
17
28
29
15
4
17
26
31
20
14
9
-3
13
12
4
13
16
17
13
18
10
5
7
18
33
36
13
0
11
16
12
11
5
-6
14
31
24
19
16
20
13
15
16
8
8
2
5
11
7
0
3
12
13
19
18
13
24
20
19
21
18
6
-3
9
11
18
13
11
7
13
23
17
20
20
15
19
24
20
9
3
10
7
5
8
26
34
29
15
23
36
31
25
25
27
9
4
18
21
13
1
3
27
29
22
37
36
17
12
14
28
25
-2
1
16
9
-8
-23
1
28
44
54
57
43
6
-14
-5
15
22
36
51
29
-10
-33
-4
13
8
33
72
49
5
7
1
-25
-24
13
20
1
14
16
-14
-23
8
34
35
33
39
36
6
-5
-3
4
1
7
29
29
4
-13
-3
12
16
16
33
46
7
-13
3
6
-14
-10
21
18
8
5
3
-8
-31
5
36
28
2
-13
6
-5
10
17
-19
-29
-8
41
25
-23
7
10
-5
-1
2
7
-1
24
20
0
7
-33
-13
20
9
8
-3
13
-4
-5
16
-12
-19
11
22
-7
-5
-7
2
19
-9
-6
-8
0
20
14
-4
-31
-1
34
26
-27
-31
8
1
13
6
5
-17
1
11
7
-9
-16
-4
16
11
-9
-15
3
14
-12
-2
-21
8
11
11
-15
-13
0
3
-1
-2
0
-13
5
15
-2
-12
-15
21
14
-18
-13
10
12
-16
-4
-7
0
-7
19
7
-6
-13
-6
-9
-15
4
25
17
-17
-15
1
-13
-9
0
30
-3
-4
7
-6
-17
-30
19
19
9
-10
-14
12
-17
1
-15
9
18
-4
15
-30
-5
-16
-7
11
10
24
-11
2
-1
-21
-23
-15
20
44
7
-10
16
-38
-40
3
-2
27
26
8
-8
-2
-33
-45
23
5
35
35
-18
-35
-26
-34
-33
36
10
62
28
-19
-7
-52
-35
-30
23
19
50
34
-16
-19
-45
-33
-1
-5
37
36
5
0
-19
-39
-27
24
11
43
11
-32
-31
-31
-25
-14
39
27
39
21
-48
-46
-33
-20
-1
75
45
53
15
-43
-64
-55
-33
-7
62
52
50
27
-38
-74
-49
-29
4
49
55
30
21
-34
-54
-55
-17
-4
47
39
31
11
-34
-35
-45
9
1
34
31
17
-4
-33
-28
-48
13
1
14
29
-7
17
-21
13
-26
22
-2
-28
11
-29
0
5
41
-8
18
6
-53
-20
-18
-12
21
53
15
-3
4
-50
-21
-10
-2
17
27
15
-11
27
-44
8
2
-23
-2
-7
29
-9
26
14
3
-13
-47
1
-12
7
20
23
4
14
-10
-53
0
-16
19
11
2
7
12
16
-53
-3
7
0
20
-37
11
-9
-13
0
9
36
-11
22
-38
-15
-13
2
9
-12
35
-11
-6
-27
47
-3
-27
1
17
15
-65
-2
40
37
-27
-37
51
1
-19
-38
19
28
-36
8
-18
66
-34
-1
-1
-31
33
-43
57
-49
19
28
-32
18
-50
81
-44
-18
30
-45
75
-96
122
-84
14
28
-55
83
-182
128
-11
66
-36
-74
95
-84
70
-62
11
9
-58
149
-86
33
-76
23
40
-65
61
-38
74
-90
39
22
-28
12
-51
44
-64
84
-5
6
-50
1
69
-71
1
-5
61
-42
-32
59
18
-12
-108
85
30
-51
-13
68
-33
-35
63
-61
51
-57
5
38
-12
19
-5
-13
10
25
-8
-47
-34
37
54
-34
-42
82
-40
-15
20
14
-6
-44
-8
66
22
-107
26
15
19
-21
9
16
-1
5
-18
3
-17
-10
19
-27
5
12
50
-33
-14
0
15
9
-53
21
-7
6
17
25
-43
24
-31
7
-18
16
12
42
-24
-11
-10
-53
19
12
55
-10
-30
21
-12
-35
6
5
60
-49
-16
14
23
-18
-24
19
47
-41
-13
0
-11
36
-73
87
-21
15
-3
-80
86
-39
6
14
-41
102
-122
65
-3
-38
76
-111
64
47
-38
5
-77
28
96
-45
-11
31
-47
104
-115
-25
36
-64
122
-81
51
47
-65
69
-90
14
-22
-47
84
-2
21
53
-85
43
-11
-54
39
-83
101
-4
-1
38
-63
55
-60
-26
29
-20
22
-2
6
27
-1
-56
45
-68
4
85
-93
112
-39
-58
134
-123
29
9
-65
84
-2
-27
10
26
-18
-3
-40
-48
75
55
-26
-43
6
-12
52
79
-114
-35
-41
-10
161
27
-68
-16
-35
11
36
-31
-1
11
1
28
3
-19
-12
-38
15
37
7
-6
-14
-4
5
-4
-16
8
24
2
2
-9
-3
-15
-4
4
-6
3
9
22
2
-10
-22
-8
-1
1
20
12
-5
-4
-8
-2
-6
-7
10
-10
9
5
11
-5
-11
8
-24
6
8
12
4
-19
-4
8
7
-1
-33
19
22
-2
-8
-10
0
-1
10
12
7
-26
-20
11
2
16
16
-10
-9
-16
-8
-13
3
5
35
1
4
3
-33
-12
-4
6
4
-5
19
54
-17
-49
-13
4
11
5
20
11
-5
-7
0
-18
-3
6
27
16
-22
-7
-16
-25
8
16
24
13
13
1
-35
-29
-15
13
17
9
15
15
3
-30
-34
16
19
0
9
8
-6
-15
6
22
-25
-7
7
6
18
-11
16
-21
-30
10
9
1
8
10
2
3
-13
-9
-17
-14
31
27
0
-16
-14
3
-7
5
10
5
-21
-7
16
-9
-9
14
12
-2
-20
-2
-2
-12
-1
18
21
6
-8
-15
-8
-22
-6
16
23
13
22
3
-14
-30
-30
-3
-5
24
44
40
-2
-21
-30
-36
-6
20
23
11
8
4
-2
-18
-11
5
5
-8
-3
26
4
-2
-4
-21
-15
-10
14
19
15
5
-16
-26
-17
12
21
21
-14
-15
8
-14
-3
7
-3
1
-4
26
-20
-25
28
-9
16
-6
-4
21
-14
1
-32
-30
21
1
55
37
-34
-8
-22
-31
6
4
19
19
-9
-13
6
13
-27
-18
20
1
33
24
-4
-29
-45
-3
40
5
23
10
-1
-30
-37
21
-23
34
16
8
35
-94
9
20
-69
126
-52
-5
80
-140
63
13
-88
101
-23
21
26
-50
16
-66
31
-12
34
41
-77
106
-74
-29
78
-126
83
0
-74
152
-74
-38
107
-131
25
31
-58
118
-35
-47
11
-47
37
21
14
-24
1
44
-71
40
-22
-16
60
-29
17
-11
-16
-18
23
29
-29
27
-3
-13
35
-58
-6
37
-42
26
35
-11
-11
-5
1
17
-32
-19
20
7
30
-21
4
9
-68
32
27
-16
26
-19
18
-11
-37
18
11
10
13
-15
-8
2
7
-12
-12
6
6
8
-7
7
25
-19
2
9
-14
12
-14
1
10
-1
26
10
-1
-8
-18
-6
4
-10
9
18
9
-3
-17
3
-8
-30
-2
21
15
11
6
-5
-21
-17
4
-7
-21
3
37
22
-5
-18
-18
-15
-15
5
18
18
0
10
-5
-32
-19
14
3
3
22
16
-3
-9
0
-25
-11
13
16
10
-4
-10
14
7
-14
18
4
-15
-11
1
10
2
-1
6
-1
-11
18
2
-12
-7
-15
-6
20
11
20
0
-30
4
9
-1
-5
-10
15
24
-7
-7
-6
-15
8
4
-2
-14
-10
20
20
-11
-8
0
-10
15
-6
6
4
-13
-16
-3
-10
24
19
-4
-9
-23
3
-1
-7
15
14
-17
-3
-9
-1
10
1
24
-1
1
-7
-14
8
6
2
0
5
-1
-2
1
13
-11
-2
-11
8
11
-5
14
-3
0
-9
3
-16
-3
10
0
0
-6
4
12
-10
-16
-16
15
18
-6
-10
-29
-10
20
24
29
1
-11
-30
-20
-9
3
39
2
9
-11
-3
-3
3
-8
-13
-8
12
21
15
1
-18
-6
-11
-14
-6
13
10
21
15
-17
-24
-27
6
19
6
22
-13
-25
3
16
2
-12
9
25
-15
-2
7
5
4
-10
10
-8
5
9
-4
1
-13
2
23
13
-3
1
-32
-11
6
1
4
-11
12
17
12
-26
-14
-18
-5
-1
35
13
-6
4
-35
-1
-21
13
16
23
10
-17
14
-23
-21
0
0
27
13
-14
13
-7
-22
7
-7
-7
2
16
19
11
-9
-23
-21
-7
15
20
-4
3
0
-6
-14
-6
18
9
-6
-16
23
6
-10
-9
-25
10
29
20
16
-18
-36
-11
-2
17
37
1
-1
-24
-19
6
9
19
7
-19
-17
-10
14
18
-2
-3
-11
2
-3
1
-9
-9
5
9
26
-6
-31
-29
2
10
25
18
-5
-6
-10
-9
5
9
7
16
-2
-10
-4
-12
-4
11
15
15
-2
-10
-23
-15
4
8
15
-8
-21
-11
-2
25
12
-10
-18
-10
-10
-6
5
-1
6
15
14
-2
-23
-36
-4
38
27
2
-2
1
6
0
-20
-12
11
50
22
-3
-22
-26
-4
-15
-3
13
19
16
-7
-20
1
-7
-9
-3
-15
26
20
-4
5
-6
-10
-16
-12
6
13
19
22
-4
-13
-2
-14
7
3
-16
7
15
17
3
-16
-10
-1
16
-1
-9
-4
-5
12
-8
-2
16
4
-21
-18
-7
-9
14
21
10
-13
-12
11
4
-13
-19
-8
9
18
14
4
-2
-3
-11
14
-6
-9
4
13
10
-1
7
-17
-22
-5
16
11
3
18
8
-24
-21
-5
14
7
-5
1
-20
-11
32
31
-17
-31
2
15
21
6
-16
-11
0
-4
12
12
3
-10
-9
2
4
33
22
-2
-27
-38
-8
2
9
8
10
10
5
5
-5
-28
-21
4
13
-2
13
2
-2
-12
-12
-2
-18
0
13
21
7
3
3
-10
-13
-7
0
-15
-1
22
15
1
-8
7
-2
-3
-7
-3
8
-6
-2
12
4
-9
-10
-2
7
3
12
15
-3
-10
7
-5
-27
-12
11
9
3
8
6
-7
-8
8
11
-18
-16
6
20
8
-4
-7
-5
2
-11
5
-4
6
7
3
-9
-10
10
-5
-16
-7
8
16
2
-25
-8
0
17
10
-7
-14
-21
13
3
-7
2
7
9
-9
-8
17
3
-9
-15
10
12
-7
9
26
-3
-19
-8
4
11
10
7
-3
-7
4
-1
-9
2
13
6
-12
-20
-6
26
24
0
-10
-38
-17
8
25
4
-5
-6
-3
-9
-12
16
9
1
-11
-4
-1
-9
8
28
7
-15
-17
3
3
6
-1
10
-2
2
18
6
-13
-7
-5
-5
6
20
2
-24
-12
1
5
17
1
10
-11
-21
11
-15
69
-85
57
-50
33
33
-42
81
-127
119
-128
118
-30
-8
57
-96
94
-93
97
-64
40
-45
4
56
-82
133
-148
54
22
-92
163
-172
137
-42
-39
57
-148
110
-81
92
32
-41
31
-113
54
-48
9
38
18
23
-21
-45
9
-5
-22
95
-59
48
-65
-12
57
-54
39
19
3
-41
-9
12
72
-137
119
20
-86
44
-69
98
-46
-30
132
-66
-29
-44
0
34
-69
135
115
-66
-181
-29
132
-44
-15
-17
108
11
-5
-76
-19
23
-64
146
6
-109
30
-81
159
39
-241
134
19
-11
96
-215
103
51
-189
123
33
24
111
-188
-11
-71
-54
229
13
145
-123
-111
-85
-17
-32
25
-3
239
29
46
-53
-316
-10
-147
315
111
43
-83
77
-90
239
-298
-104
-171
-103
465
59
233
-231
68
-67
-94
-285
-108
-4
260
207
149
51
-146
-40
-197
-78
16
-11
102
72
126
54
-75
-102
-105
50
-64
55
20
121
108
-88
-107
-143
-45
38
75
71
34
69
22
-35
-90
-90
-2
-13
29
61
72
30
-35
-64
17
27
6
-4
-59
-68
53
-19
8
13
36
53
37
-41
-18
-20
-14
-6
16
2
32
-12
26
-81
24
-47
40
7
-11
41
17
16
-21
-26
-36
14
10
15
0
-20
-29
47
-15
41
-6
-12
-26
-9
-45
41
15
-10
54
-20
6
-49
-9
-55
46
0
83
-5
-8
-20
-22
-38
-30
54
15
84
-36
-1
-61
-30
-26
77
-5
28
28
-17
-18
-32
-36
-5
74
-14
73
-65
-24
-27
10
-4
32
17
24
8
-29
-15
3
-29
9
45
-25
50
-10
-25
-15
-9
-38
67
-5
15
16
-23
-17
11
-45
4
24
-39
31
35
-17
33
-35
-48
43
-52
63
15
-25
-5
23
-63
53
10
-44
78
-102
72
-22
-1
-16
48
-8
-23
29
-59
39
-36
20
11
12
-3
25
-48
11
-22
26
8
22
-33
-3
21
-72
80
-28
32
-28
35
-30
38
-26
-42
1
-32
27
28
-14
9
19
7
-13
-33
-27
11
22
-1
6
-41
36
-7
39
-15
-4
-31
46
21
-39
17
-17
5
11
-37
35
-49
15
7
4
10
16
-15
29
-51
3
41
-19
33
-44
-3
-2
7
18
22
-29
7
6
5
-18
24
-1
-13
13
-29
1
-5
-15
41
12
-10
-4
-20
15
-4
-29
25
-48
42
37
-7
-8
-54
-1
19
14
17
-18
-5
21
-13
32
-26
-25
-7
-4
34
4
29
9
-40
1
-26
-14
41
-29
9
32
-4
12
-35
-4
-24
-2
64
34
15
-41
-61
-35
5
66
44
9
4
-53
-30
2
-20
49
17
4
15
-21
-15
-16
-14
18
-5
0
27
5
27
-45
-22
17
5
21
-8
-2
-10
-38
17
-7
-18
44
6
-1
-2
-18
-1
-15
-10
8
8
-2
14
12
22
-41
-7
-9
-12
24
32
2
-9
-24
15
15
-9
-23
-18
-11
0
42
7
13
-15
-4
2
2
11
24
-34
-34
-7
18
19
-10
39
-10
-8
-4
14
22
-23
-28
1
-3
8
-7
-3
0
0
3
3
-4
-18
29
7
24
-7
-15
5
-20
3
-12
1
10
-1
-4
6
-8
-7
-2
-13
3
16
30
8
-19
-5
-11
-26
-2
-1
23
16
-9
13
-17
8
14
-10
-7
-28
10
20
1
6
-19
-4
-10
-6
15
5
29
7
-14
-16
-26
24
-10
10
7
-2
18
-19
-7
4
5
21
-1
-16
-24
-11
20
8
-8
0
-3
3
11
-2
2
-8
-7
5
5
1
-2
-1
6
-10
-21
13
3
12
16
6
-3
-20
-17
-3
0
12
16
0
-3
-5
-13
7
2
-3
2
4
20
-10
-11
-15
-13
7
17
9
-17
-16
12
16
11
-12
-22
-6
-1
35
21
-14
-28
-16
1
11
32
15
-5
-18
2
-17
-12
0
8
27
13
11
-4
-11
-20
-10
-14
3
30
31
11
-15
-3
-36
-29
5
28
29
3
-10
-14
-16
-8
8
24
5
1
-10
-4
15
-10
-18
-2
23
5
-1
6
-10
-1
-3
-1
-8
-4
22
21
-5
-8
-14
-18
-4
-1
0
4
9
9
5
-15
-15
10
-9
-7
0
1
12
-28
-8
-12
16
35
16
26
-15
-9
-19
-13
0
-13
29
28
33
18
-16
-29
-23
-10
26
14
-10
-24
-4
34
-6
10
12
-2
-11
-13
-9
-11
-4
7
10
7
2
10
3
-20
-5
-5
11
-9
2
-1
-19
15
31
-1
-21
-8
-8
-11
1
10
14
11
11
12
-1
5
-11
-4
-8
-15
21
25
6
-5
-10
9
4
-11
-13
-12
-3
12
21
-3
-27
-28
-3
17
13
-2
-4
2
0
-5
6
18
12
0
-4
-6
1
-2
-16
5
7
7
3
-6
-5
-2
6
-5
0
-5
-6
-3
-11
11
1
-26
-24
-7
20
38
9
-27
-47
-17
5
8
31
9
-4
-5
16
19
-14
-17
3
22
20
19
6
9
-1
-15
-1
17
-15
-6
1
10
12
-15
-6
-19
-19
-3
20
15
13
-21
-10
-8
-15
8
-11
-5
12
19
9
-23
-32
-8
-11
6
29
29
2
-27
-31
-10
-9
6
26
23
19
2
1
-13
-6
2
10
17
7
-9
-22
-26
-15
0
15
10
17
25
-17
-29
-12
17
-7
-6
11
11
1
-19
11
2
-6
12
26
17
-11
-22
-9
4
5
17
-10
-30
13
16
3
-6
-13
24
5
-3
-15
-3
-7
-1
22
-1
-17
-20
20
8
-1
6
-3
-3
-17
-4
19
6
-15
-18
-14
18
20
11
-10
-11
2
8
-2
-5
-9
1
4
6
15
-11
8
-12
-9
-6
1
-2
13
24
-13
-23
-26
10
16
-2
4
3
9
-3
7
-1
11
10
-10
8
-12
6
-6
-6
-2
-4
7
11
7
-4
-31
-6
23
19
5
-39
-20
6
18
32
13
-7
-17
-16
-5
6
6
-1
25
10
3
-13
-28
-22
-34
30
40
5
1
-21
-13
-11
0
0
12
20
0
8
-24
-29
-9
8
1
4
13
14
-2
-6
13
-18
6
8
6
2
8
-2
7
-4
-33
50
0
-12
23
-20
0
-9
3
14
-16
-17
12
0
-11
24
-39
8
17
-11
29
-41
12
0
-13
33
4
7
-9
-19
-11
36
-6
-4
14
-16
19
-9
-14
20
1
18
-20
-24
-11
-16
16
15
13
6
-20
-20
2
-26
18
-16
-6
26
18
8
-24
-1
-12
-20
11
40
26
10
-14
-23
-14
4
12
13
5
39
0
-12
-39
-62
-1
17
57
68
36
-2
-65
-71
-57
-21
26
51
75
44
9
-10
-81
-106
-75
-19
61
90
95
51
-22
-60
-74
-65
-8
51
86
72
6
-56
-69
-68
-16
26
38
63
51
22
-50
-92
-63
-8
38
69
36
16
8
-35
-49
-26
0
19
20
12
0
-17
9
10
10
5
6
6
-16
-19
12
6
-18
-16
13
26
-2
41
-6
12
-6
-24
-4
-12
18
21
14
-36
-7
-12
-13
21
-1
66
-21
-28
27
-79
11
50
-58
47
-24
-65
89
-44
-12
41
-62
52
11
-52
60
-55
13
27
-57
39
-28
11
78
-37
-8
21
-29
62
-18
-56
43
2
-13
23
-34
21
26
-35
44
-16
-26
16
-36
7
17
-28
0
-13
6
34
-15
-1
-16
-11
27
-30
15
30
-11
19
-27
-2
12
-6
-5
-17
10
13
12
35
-26
-30
-5
-10
0
4
7
9
21
-10
-13
-2
-11
-31
-10
25
7
5
-5
-29
10
-24
-34
29
19
7
36
5
-27
-16
-11
10
23
26
25
-2
-16
-16
-6
26
6
2
13
-5
3
5
-5
-14
-5
10
11
-5
9
1
-9
2
-7
1
7
-7
-13
-3
-17
-17
12
17
-1
9
4
2
-15
-22
-8
13
25
8
11
12
-10
-1
0
-14
-30
7
27
32
14
-6
-15
-32
-15
5
5
5
4
18
16
-15
-19
-15
5
8
10
4
9
6
-7
-28
-23
17
27
22
8
0
0
-17
-30
-22
0
21
33
40
2
-16
-16
-25
-22
-7
-7
37
30
24
18
-14
-32
-40
-12
1
2
6
20
0
0
10
-3
-3
-6
4
-2
-22
-14
-7
9
13
25
24
8
-15
-19
-14
-14
3
33
13
-8
-5
-19
3
1
5
8
-8
-3
5
-2
-2
-3
8
14
-20
2
26
-7
-14
-16
-12
18
25
20
-5
-22
-30
9
7
5
25
-14
-10
-7
1
16
-4
-16
-3
13
13
1
-2
-18
-25
10
26
13
-3
-21
-22
-3
5
0
2
2
-6
3
2
-7
-11
-17
4
22
26
4
-23
-24
-14
7
10
22
15
2
1
-22
10
-2
0
0
3
25
9
8
-5
-27
-42
-15
35
31
31
0
-18
-17
-17
-22
-19
7
16
17
2
8
-17
-12
-19
-14
14
7
21
13
0
-1
-28
-31
16
30
15
-3
-3
4
-16
-12
-16
7
18
-8
31
-4
-43
6
-29
57
-3
0
8
-37
49
-65
48
-41
17
31
17
-16
-50
44
-59
59
-46
67
-37
9
4
7
-26
-27
72
-91
87
-41
37
12
-15
9
-17
-52
27
33
-53
108
-58
17
-7
-22
46
-99
62
-1
-33
111
-91
48
-104
11
81
-133
173
-86
13
27
-94
102
-83
39
24
-40
49
-31
43
-1
-71
48
-3
-15
83
-57
6
-35
7
55
-54
53
-32
-6
-18
26
24
-11
-15
-33
17
36
11
-34
14
-32
29
-2
2
0
-23
5
7
17
-5
-45
31
41
-78
131
-157
94
-37
-39
105
-59
-26
97
-60
-51
95
-181
180
-86
80
-15
47
-129
47
-23
-13
59
-7
6
81
-98
-42
122
-152
107
0
-67
64
17
-94
115
-40
-111
142
-58
-38
102
-93
49
-10
-79
76
80
-153
34
87
-82
-1
62
-106
165
-23
-210
252
-116
-125
210
-133
12
157
-214
202
21
-256
195
-61
-100
205
-188
78
83
-192
95
64
-131
180
-52
0
38
-100
61
17
-104
57
-15
-56
52
-30
52
-5
-5
-14
35
-19
57
-46
-2
-10
-31
-33
27
-31
95
21
-28
33
-62
-34
28
4
17
32
-52
47
-30
-27
9
11
2
11
-26
5
-4
7
-4
-10
-2
15
17
27
-22
-7
-33
2
13
1
10
12
-38
19
4
-9
27
-30
15
24
-20
-7
2
-22
31
-3
14
8
2
-11
3
-40
-4
-6
24
18
12
7
-21
-27
-5
18
-29
39
0
1
11
20
-45
-12
-29
21
15
28
28
-35
-17
-30
-8
25
18
-12
29
-18
11
-11
-2
-8
-20
-17
18
22
18
-2
-24
0
0
13
13
22
-25
-4
-30
-40
15
9
28
10
5
6
-18
-37
-4
-10
64
14
29
-3
-62
-49
-12
13
46
25
28
-4
-35
-25
-41
4
29
34
44
7
-1
-34
-66
-32
8
67
47
-4
-3
-40
-36
-1
10
38
4
8
-1
-15
-11
8
-9
18
-31
20
-1
6
0
14
11
5
-6
-24
-7
-18
34
-16
27
-3
-1
2
-2
-4
-15
-10
2
12
23
9
-23
-3
3
-16
-5
5
0
18
13
24
8
-27
-9
-40
-5
13
25
31
29
-15
-30
-36
-38
14
22
43
13
-12
-8
-15
-17
-13
-4
13
28
4
15
4
-25
-26
-14
7
19
10
25
16
-29
-4
-18
-13
2
2
25
23
10
2
-19
-48
-9
6
31
17
3
-19
16
-7
22
-1
-60
-1
-5
38
8
-19
22
-7
-11
-10
-29
45
-22
19
-1
-8
-9
27
-4
-1
-12
-18
-4
3
12
16
-13
14
-19
6
1
-55
9
9
40
14
21
-23
-28
-39
26
11
-5
23
1
11
24
-28
-12
-25
-13
41
-13
26
-8
28
-7
-21
-30
2
17
-6
22
-2
21
-19
-9
-4
-2
-27
28
-1
26
-24
1
-7
12
-21
-3
-7
10
29
-18
29
-27
20
-22
-11
3
-13
-2
6
12
21
23
-34
-3
-31
19
-26
12
14
10
20
-4
-8
-20
-10
-25
1
10
44
21
8
-9
-22
-5
-34
2
-14
30
1
38
10
5
-38
-5
-17
-25
13
23
43
6
2
-35
-13
-41
16
-2
23
2
5
26
17
4
-36
-33
-59
30
11
48
25
18
-4
-25
-41
-9
8
-10
0
23
39
18
-24
-22
-22
-13
10
28
15
28
-5
2
-40
-16
-10
6
11
0
31
-25
28
-17
38
-70
32
-17
55
-42
23
-46
36
-46
40
-30
53
-36
36
-10
18
-5
-21
-15
-63
22
12
75
-29
17
-61
31
-31
39
-40
37
-58
57
-17
3
-6
21
1
-20
-32
51
-22
-2
5
-35
83
-53
42
-14
8
-3
-10
-17
30
-34
62
-56
63
-48
27
-34
-1
36
-14
2
-1
-8
4
-11
-9
-2
35
-4
18
-18
18
-50
29
-54
17
91
-97
100
-92
56
-43
32
-57
58
-30
41
-2
-47
71
-83
12
26
-26
37
21
-52
22
-9
-30
-8
102
-125
114
-28
-65
84
-98
84
-64
60
-6
-37
87
-77
17
-44
68
-61
62
7
-27
6
-12
-40
13
32
-32
29
40
-7
-50
41
-101
56
-22
61
15
-9
39
-78
24
-61
-7
18
66
-62
128
-66
-67
-13
-20
-28
122
-47
173
-121
109
-96
-134
-19
62
-101
255
-184
382
-470
153
279
-836
1030
-622
128
221
-176
-53
219
-343
113
-12
-2
108
-6
71
-37
-5
-184
244
-207
60
105
-166
137
-151
102
-25
51
19
0
-15
29
-96
32
-33
-49
110
-7
-31
157
-292
252
-123
-29
121
-171
146
-30
-23
-26
42
-40
-102
259
-307
344
-241
66
212
-482
636
-603
358
1
-381
615
-648
370
25
-323
442
-207
-138
338
-296
6
235
-363
218
95
-154
97
14
-56
-21
-3
54
-21
-124
271
-102
-197
315
-240
7
172
-166
46
94
-71
-34
-30
80
-31
-48
109
-73
-8
33
-3
-69
28
85
-69
-18
98
-17
-101
74
-63
-5
63
40
-118
145
-90
-42
85
-81
53
32
-30
27
-44
14
-10
-47
32
22
1
-48
63
-62
-2
115
-115
118
-22
-77
51
-70
51
-88
16
87
-90
77
34
-68
35
-23
19
-36
37
-58
57
-36
50
-69
14
-13
34
7
42
-22
17
21
-106
9
8
-53
74
5
-2
30
-14
64
-104
-5
43
-14
28
0
-55
19
-83
73
10
23
8
-3
33
-40
17
16
-49
-23
42
-19
47
-51
6
39
-51
31
-14
-12
76
-32
14
7
-53
19
-8
-10
3
-11
48
-41
6
-33
37
-22
52
-18
51
-63
14
-9
-1
-20
23
-14
11
15
-34
40
-49
61
1
11
-15
-15
-9
-10
-38
17
31
5
50
-34
3
-55
12
27
1
16
7
-9
24
-42
-16
-3
-15
35
-11
25
16
-22
10
0
-36
-2
-6
8
17
-23
2
14
-5
36
-22
6
-6
-16
11
-43
-6
29
5
20
-31
-34
-7
12
34
9
-2
19
10
8
-3
-23
-14
-3
20
41
33
3
12
-22
-12
4
18
2
-9
0
15
-20
-16
-27
-43
-20
-11
36
31
13
-7
-38
-38
4
15
18
-13
-7
23
5
13
-22
-25
-7
-2
21
8
7
-3
-7
5
7
7
-16
-24
-28
1
27
32
2
-19
-11
-8
14
10
-17
-14
-3
14
25
5
11
-21
-15
-1
4
13
7
7
3
-8
3
7
3
-9
-11
0
11
2
8
3
-19
-25
1
15
10
-4
-1
5
-5
6
-3
-11
-9
25
33
3
-26
-16
1
-3
-2
7
20
17
-9
-10
-3
-3
1
2
-8
-16
3
16
6
-13
-18
-12
3
28
15
-3
-18
-20
-9
-1
11
11
18
-3
-5
-7
-12
-9
-6
15
23
29
-4
-44
-23
1
29
17
-3
5
16
7
-22
-17
-5
-5
14
19
16
-4
-21
-24
-7
7
22
27
-7
-16
-16
-1
-12
-19
-5
20
23
17
16
-23
-35
-9
-14
8
19
22
21
-8
-11
-39
-9
-14
33
13
15
14
-14
-8
-25
-10
23
-15
-34
103
-2
-27
2
-25
-46
45
-12
30
29
-13
17
-22
4
-56
21
-7
21
21
27
13
-44
-13
-31
36
33
-1
19
-49
-30
115
-5
-144
102
121
-56
-154
43
71
-85
-31
37
41
70
90
-8
-62
-71
-46
-103
-115
-47
98
110
10
11
104
140
-108
-91
114
11
-199
-87
102
19
-119
9
175
22
-93
58
97
-1
-79
-23
5
-8
-52
-75
11
33
-12
2
76
51
55
36
-29
-37
9
-21
-90
-18
34
-19
-12
38
24
23
20
1
-21
-1
0
-15
-31
-11
21
12
-33
-37
57
39
-15
11
10
-35
-46
0
-15
-51
-15
21
36
51
31
9
33
15
-69
-51
-22
-38
13
30
-23
0
52
23
15
27
42
31
-16
-33
-13
-20
-29
-28
-22
17
46
44
37
23
-36
-18
29
14
-11
-5
-31
-43
-24
-14
-5
1
22
16
3
15
8
-5
1
28
7
-38
-7
-7
-14
22
26
-6
4
36
19
8
-5
-25
-37
-26
-7
12
10
27
-8
-22
-15
-15
4
35
24
1
-7
-26
-34
-40
-4
-3
-7
45
40
24
-5
-18
-7
-34
-5
14
20
30
9
-7
-23
-22
-9
6
40
14
18
20
15
-19
-57
-10
12
11
-9
-3
-10
2
-11
-11
15
-1
-15
-27
2
16
14
-14
-32
-10
-9
21
36
16
-1
5
-14
-9
13
13
9
8
-6
-30
-27
0
20
29
23
4
-12
-8
-20
-25
-3
14
13
14
28
3
0
-10
-42
0
15
5
14
3
4
-4
-20
-7
-12
-9
15
22
12
2
-13
-10
-15
-6
18
16
24
8
-19
-14
4
3
-11
-1
11
22
-5
-26
-7
-16
5
21
9
-3
-9
-14
2
-6
-13
14
-9
-1
24
-5
-12
-23
-3
25
17
12
11
-24
-27
9
22
17
-8
10
0
-6
2
3
-12
15
22
0
7
-18
-4
-10
7
9
1
11
-6
-10
-9
4
20
-6
-13
-22
16
28
5
-40
-26
-6
1
31
5
13
0
-20
-5
-13
-6
-11
21
17
2
4
7
-5
-38
6
2
0
12
3
0
-10
13
4
-1
-11
6
11
-14
7
-1
3
-16
-10
9
6
1
-3
5
6
-5
-13
-8
-2
10
21
5
-7
-4
-9
-9
1
24
12
-20
-7
17
17
1
9
-5
-17
-12
-7
8
-13
2
23
8
-10
-18
-14
-2
8
3
6
-4
-7
-6
-11
-18
-15
18
13
14
11
23
15
-33
-34
-24
-3
13
37
10
-6
2
-9
2
-16
1
-10
3
25
7
-19
-11
-21
-18
25
8
30
21
8
-14
-3
-15
-23
13
-16
38
22
8
8
-41
16
-35
1
15
15
22
-11
12
-58
43
-48
29
8
-4
14
-19
38
-63
30
-17
21
4
-13
10
-16
0
-40
-2
15
12
46
2
-16
-66
31
-15
30
29
-48
50
-69
30
-45
13
58
-63
64
14
-38
2
-26
-51
39
9
11
76
-60
25
-2
-52
46
-73
15
50
-9
49
-11
-47
14
-29
-33
45
-26
41
21
-26
28
-12
-9
-18
-47
57
-1
12
47
-48
-5
-21
23
39
-23
23
-32
-44
62
-45
37
8
-21
20
-6
-41
54
-54
59
-31
8
-11
14
-24
13
-27
9
30
20
-3
-1
-51
18
-26
-4
29
10
27
3
-7
-39
4
-18
22
-24
45
0
-8
-14
36
-42
31
-32
16
-18
14
14
34
-38
18
-32
17
1
-3
16
3
-12
4
-26
11
-5
10
24
-24
5
-10
1
-10
-8
16
20
-32
13
-35
26
-17
5
30
-12
-4
18
-56
27
-35
44
32
-24
39
-45
-1
15
-49
26
13
20
44
-71
23
-22
-6
11
-7
3
21
-31
37
-13
9
-6
-33
-11
2
5
50
-18
18
-14
-39
28
-24
16
14
-17
26
10
-36
21
-53
17
22
-11
58
-37
-13
11
-48
35
-16
15
38
-30
9
1
-31
22
-22
21
15
-3
-7
-17
-18
28
-1
27
6
-41
4
4
-15
14
-38
29
14
-2
52
-37
6
-40
-27
13
-9
81
13
-22
-24
-53
3
5
42
16
23
28
1
-24
-84
-24
-13
32
70
28
26
-23
-52
-28
-17
5
15
34
20
19
-14
-53
-21
6
21
-10
14
-5
9
32
-29
-4
-2
-4
31
-32
-17
-14
7
29
-10
8
-13
6
31
-27
12
-18
-27
24
-20
31
1
-1
17
-25
-18
1
-20
5
30
27
15
-34
-24
-22
3
4
-9
23
32
0
-5
-30
-4
13
2
35
-15
-10
1
-20
4
1
16
12
6
-10
10
-8
-19
-10
-12
13
15
16
3
-1
0
2
-16
-11
-6
-35
18
30
-12
10
-4
1
21
-4
-19
-6
-29
32
1
15
38
-76
42
6
-19
17
-51
48
-28
-13
44
-30
22
-28
12
-5
-12
13
-17
11
-10
20
17
-34
15
1
0
15
-14
-11
20
-24
11
10
-30
51
-16
18
-39
-10
7
-8
49
-23
18
3
-28
18
-15
-29
23
25
15
9
-25
-2
-29
-26
20
3
33
20
8
-7
-59
-26
24
9
2
16
4
27
-37
12
-17
-38
30
-2
50
-5
-31
31
-45
0
0
0
42
-10
2
11
-50
3
12
-24
44
-10
20
24
-90
51
-25
-22
47
-57
65
16
-24
27
-44
-4
14
-4
30
-5
-30
7
-9
2
35
-43
21
7
-2
37
-50
3
-2
-13
13
-11
31
23
-10
-33
-42
17
14
46
8
-18
1
-26
18
-14
-14
8
-15
39
21
-13
-8
-26
-7
1
2
32
4
-2
-5
-22
-12
-8
-13
38
7
-5
8
7
3
-31
-6
-12
20
10
8
3
-10
-3
-11
-5
8
15
-5
-3
-12
1
1
1
5
-7
6
-9
-10
-15
7
27
8
-6
-5
5
7
1
-16
-14
-17
3
36
28
-5
-7
-22
-15
2
3
20
20
-2
-19
-20
-4
5
7
4
-1
8
-2
6
-8
-15
4
-8
9
-7
14
9
-16
1
-7
14
8
-8
-1
10
-2
-8
4
-4
2
19
10
-13
-7
-4
15
10
-22
3
-4
5
25
-20
-11
-7
10
17
6
-7
-11
-13
-25
-4
16
30
2
-22
-5
0
-2
-21
-17
21
19
14
-2
-24
1
1
-5
5
2
13
6
6
7
-13
-17
-10
1
2
20
16
9
-12
-36
-24
-3
36
9
-8
-9
4
-8
-25
-6
5
23
20
-5
-5
-39
2
7
22
4
-2
23
-21
26
-35
39
-54
5
19
6
28
-31
64
-52
15
-44
24
-9
-17
77
-43
44
-105
37
-6
15
39
-57
83
-60
58
-72
-9
40
-19
97
-119
79
-69
21
18
-53
98
-99
112
-79
40
-26
-74
98
-133
121
-58
61
9
-25
42
-118
75
-59
88
9
8
28
-94
87
-93
46
10
-20
81
-61
38
-71
8
-8
16
13
-54
31
-44
45
-30
-27
32
-64
57
3
18
-11
-42
-3
-25
44
-8
25
-13
24
8
-14
29
-42
31
-24
-5
23
11
14
-15
-3
-38
14
-6
14
2
-3
20
-23
13
-21
24
-4
3
10
-27
-8
6
26
8
24
7
-26
-16
-22
2
9
20
16
-4
15
-8
-11
-33
-26
14
33
27
-10
4
-31
1
-13
13
-1
-2
19
10
13
-19
-23
-17
-21
2
27
25
18
4
-13
-37
-15
-12
9
9
24
11
2
15
-24
-16
-6
-7
6
16
26
3
-16
3
3
12
-5
-5
-4
-4
-20
5
20
6
7
-22
-15
6
-10
16
8
-9
5
-5
0
6
6
-14
-9
-1
26
13
-1
0
-6
7
1
3
4
-13
-8
-1
-4
0
-22
-6
2
21
26
-2
-28
-17
-7
-7
4
8
18
3
-9
-7
0
-1
-3
11
13
3
11
-5
-26
-21
0
8
11
27
-5
-6
-16
-17
-4
-5
2
4
20
21
-17
-26
-15
-18
11
39
26
13
2
-11
-17
-8
-9
4
10
28
23
5
-26
-33
-22
-7
15
15
27
-9
-23
-20
-15
-1
3
5
3
7
4
-12
-14
-18
-10
18
33
20
2
-25
-27
-8
4
10
32
13
6
4
-9
-11
-13
-26
-7
34
30
20
7
-26
-31
-18
6
12
23
27
1
-2
-21
-28
5
7
5
8
13
6
5
-2
-12
-9
-1
8
7
-2
-13
-21
-2
5
-5
23
16
17
9
-20
-28
-27
6
23
15
14
8
-18
-8
-6
-1
-9
9
14
10
10
1
-13
-36
-2
12
8
9
15
5
-5
-17
-7
1
1
-1
10
15
4
-20
-4
-4
-6
18
7
11
-5
5
-5
-24
-17
1
-6
1
19
31
8
-22
-15
-15
-2
19
14
-3
-7
-8
-21
-13
3
17
20
23
11
-5
-19
-21
-16
-1
17
19
0
-19
-19
-15
4
18
24
-1
-12
-9
0
0
-7
0
-5
7
19
1
3
-10
-8
-2
11
16
6
8
-19
-8
4
5
12
0
-11
10
16
-9
-2
-2
-10
-11
1
2
15
-6
-6
-17
-28
9
7
33
-11
-17
2
10
-7
-13
7
3
29
24
-12
-28
-24
7
14
5
18
9
-1
-5
-20
-22
-7
-5
10
13
14
-9
-20
16
-5
-16
22
-1
13
-8
-12
20
-11
6
-16
-7
6
19
21
-1
-13
-24
-25
-3
32
19
1
-15
-13
0
-2
3
-5
18
17
-3
-10
-8
-5
1
3
-3
-8
18
31
-8
-15
-26
-13
27
9
10
-5
7
0
-29
-15
-19
8
42
35
-7
-13
-26
-20
-3
0
12
14
22
19
-17
-45
-20
7
33
11
5
11
-15
-13
-18
-9
14
21
9
1
-14
-18
2
11
6
-1
0
4
15
-2
-6
-28
9
15
-1
9
9
-14
-15
-8
12
13
-16
19
4
-2
-9
-15
1
1
10
22
-1
-1
8
-14
-26
-13
15
29
20
4
-3
-12
-13
-23
-16
-4
23
51
3
-1
-16
-16
-15
-26
39
8
-21
20
-12
5
10
-37
28
-14
9
32
-38
14
-21
0
12
-28
31
27
-13
7
-28
3
2
-20
34
-8
41
-39
-17
1
-36
59
-19
36
-24
-23
24
-29
17
11
-22
8
19
5
-10
-49
39
10
-25
25
-10
44
-13
-60
45
-70
23
49
-23
34
-25
36
-48
-30
2
23
25
-32
13
58
-59
-74
89
-32
13
-30
48
57
-116
30
16
-5
-2
8
-18
15
24
-29
-16
30
10
-35
31
-5
8
-6
-36
3
44
-24
15
58
-51
-8
-34
26
37
-55
13
57
-4
-14
-29
-64
25
2
17
45
42
-33
-23
-9
-34
12
4
26
0
11
8
8
-30
-9
12
-23
16
27
-9
8
5
-26
4
-16
-5
0
8
20
9
-12
2
-3
-8
-1
-24
2
25
-1
11
-6
-19
37
-37
-24
-3
32
3
20
20
-48
18
-62
32
14
13
14
-30
28
-55
29
-19
-2
51
-32
40
-53
17
-8
-23
30
-30
59
-33
23
-23
-26
29
-10
36
-25
30
-20
-33
2
-12
44
0
27
-27
-13
3
-23
28
-10
-4
14
-27
30
-7
1
20
-30
13
-36
9
28
-15
12
-17
-3
33
-16
13
-30
-24
35
-12
43
-12
12
6
-31
16
-26
-10
-12
19
33
-1
18
-11
8
-27
-49
9
11
42
16
2
12
-53
-13
5
8
20
9
7
3
4
-9
-12
-36
13
-6
37
10
-4
17
-34
22
-26
14
-11
-14
12
-5
12
-16
6
4
4
13
-10
23
-36
-2
-39
-11
5
-7
42
-20
29
-19
8
-2
31
30
3
15
-40
1
-26
-8
-7
28
24
-5
4
18
-16
-19
-21
35
17
16
1
18
-24
-52
-5
-16
46
7
36
10
-1
-24
-21
-11
-9
10
17
21
5
-14
-6
-34
-9
21
10
26
7
7
-34
-9
-6
18
1
9
3
-3
5
-8
10
-16
-11
10
6
2
-3
8
-15
-12
3
26
-6
-1
0
-9
-6
-11
2
23
11
-1
14
-23
-1
-18
-23
30
2
30
15
-14
-4
-9
-38
4
15
-8
31
3
5
-19
-30
23
-6
-5
48
-27
4
7
-30
13
-4
-29
39
23
5
21
-57
-11
7
-25
47
26
-32
27
-18
-23
6
-19
18
23
-4
1
10
-29
7
-4
-5
14
2
22
5
-41
5
-11
-1
19
2
-5
30
-9
-47
25
-20
0
32
-19
-16
18
11
-10
-9
-9
-2
-11
37
28
-38
-6
14
-24
-9
10
12
21
7
5
-23
-15
2
-2
28
15
-27
-21
10
-6
-7
17
16
-10
-12
10
9
-13
-18
-11
-5
17
24
-5
1
4
-19
-7
8
4
-5
19
19
-16
-6
-3
-39
-7
58
0
-7
32
-32
-16
20
-11
-11
-11
22
12
3
29
-31
-37
10
-21
4
61
-15
3
22
-56
-14
23
0
-4
19
10
-16
-27
14
-6
9
25
-37
29
16
-53
3
19
-15
-2
12
21
-5
-12
5
-13
-17
36
1
-14
15
-13
-6
-10
22
12
-14
2
-9
-30
-6
26
23
0
2
25
-1
-55
-1
10
-18
33
-2
36
-28
-11
29
-18
7
-57
43
4
7
17
-11
-26
-28
55
-39
15
-15
24
40
-52
31
-40
6
-23
23
33
-27
38
-11
-1
-45
20
-23
15
26
-34
82
-50
4
-14
-40
19
1
43
-17
5
-39
28
-4
-13
18
-53
49
-33
58
-20
-9
5
-30
27
-9
42
-56
32
-37
8
26
-43
51
-23
39
-2
-19
-18
-18
4
8
34
-29
47
-29
-14
0
-22
49
-20
27
-15
-3
17
-46
-8
-9
31
25
34
-15
-42
-9
-26
35
1
35
21
-44
18
-39
-9
21
-29
20
13
26
1
0
-20
-39
5
5
-14
34
15
-28
5
-18
-1
-21
45
9
-6
33
-66
16
-11
-10
24
2
10
-26
59
-12
-29
-10
5
0
-9
105
-54
-33
-1
-40
84
-50
38
-19
-20
39
-68
83
-43
-43
46
3
31
-105
101
-19
-84
65
-31
96
-93
-3
56
-39
84
-107
60
-12
-79
104
-36
49
-105
48
54
-100
103
-90
83
-75
-23
92
-91
103
-124
77
8
-66
102
-93
69
-116
86
45
-76
115
-125
71
-58
24
59
-86
113
-103
49
-5
-14
51
-87
40
3
44
-41
-5
11
-18
-12
12
32
-35
46
-44
49
-42
-42
60
-37
66
-48
55
-37
-47
64
-33
25
-41
26
7
-7
27
-8
20
-67
32
-19
23
0
-18
29
-52
61
-36
-2
5
27
-16
-1
-15
8
-21
-8
38
-14
35
-36
0
26
-47
9
6
18
23
-53
30
-27
8
26
-5
-3
0
-21
17
9
-35
23
-3
24
12
-31
33
-34
-9
2
-21
37
15
-2
11
-32
-3
-9
21
-5
-9
-1
19
16
-21
-7
-7
-13
10
19
12
21
-37
-4
-10
-24
19
-2
35
12
-4
-8
-31
-3
-4
29
-15
16
19
-11
12
-32
-8
1
-23
31
-5
28
6
-26
15
-56
6
0
15
43
-19
13
-25
-20
1
-12
5
24
37
5
-4
-35
-22
-9
9
24
10
41
-37
1
-24
-36
41
-34
64
32
-27
38
-83
5
0
-14
73
-25
13
22
-47
14
-47
30
13
-15
28
-32
-11
-16
-2
3
-32
11
17
17
-1
-31
8
-2
-13
11
-12
-16
53
-12
14
25
-46
9
-6
4
55
-17
9
8
-17
-2
-29
11
34
-1
15
5
-35
27
0
-18
10
-14
14
12
4
13
-38
7
-10
-23
39
1
19
18
-13
20
-22
-5
-4
-27
25
0
25
14
0
-2
-23
-3
-10
-1
-6
-13
40
8
17
-30
-35
-17
1
37
11
-23
3
-31
20
-8
4
-7
-16
6
19
23
11
-32
-9
13
-13
34
-20
51
-44
19
-10
-4
-28
33
-24
46
-32
30
-4
-18
-9
-16
-5
35
19
6
-8
-23
4
8
4
22
-17
-10
-15
6
40
-44
31
-34
21
-5
14
27
-7
-14
-40
-11
18
14
12
5
15
-15
-8
-21
-22
11
-3
35
-16
11
-33
-8
3
7
8
10
-22
12
-22
15
12
-9
3
-3
20
14
-24
21
-38
-25
35
4
37
-4
1
16
-37
-8
-5
-18
24
17
34
17
-6
-64
-15
-5
38
16
8
2
-22
-18
11
-4
-16
6
-8
30
18
-5
-20
-21
-12
2
20
34
6
-19
-41
9
-19
28
-3
14
30
-29
3
-43
2
25
-2
28
-54
52
-16
14
3
-53
64
-94
94
-44
18
46
-105
108
-140
115
-49
4
81
-128
139
-166
113
-57
10
54
-89
129
-150
101
-61
41
25
-69
108
-123
96
-76
49
1
-42
77
-102
95
-45
34
-13
-29
2
-39
24
23
45
-45
10
-67
43
-22
3
57
-64
79
-62
18
-10
-42
72
-51
52
-29
13
1
-23
23
-3
27
-40
39
-34
22
-25
-15
46
-17
54
-17
-12
-9
-41
14
21
18
4
-21
4
-4
-12
-8
-2
-26
35
14
1
14
-51
12
-44
20
26
-16
31
-30
10
4
-15
3
0
-7
18
28
-39
2
-25
11
16
-18
38
-43
21
-13
11
19
-30
30
-51
18
8
-5
13
-27
9
-3
26
-12
-5
-10
-5
16
-16
29
-3
-9
9
-21
16
-6
3
4
-1
24
-23
6
10
3
2
-26
10
-16
-6
25
18
10
-27
-21
-18
11
23
18
-3
-16
-18
-9
-8
-9
33
14
6
-18
0
12
-13
-26
-21
36
23
17
-21
-12
-29
-1
16
-13
6
18
23
-5
-2
-19
-20
-11
6
-4
15
34
30
-12
-27
-30
-25
9
19
40
20
-3
-22
-17
-5
-13
6
29
11
0
-10
-5
-4
0
-1
2
19
-2
-14
-8
-8
-20
10
2
3
13
19
-4
-18
-9
-22
0
21
39
15
-2
-36
-34
12
9
20
-1
5
3
-9
8
-22
-19
-15
3
29
7
-9
6
4
-8
1
6
13
-4
-4
11
12
9
-10
-20
4
26
7
9
6
-16
-18
-10
9
19
9
20
5
-23
-19
-17
1
-10
11
41
21
-15
-23
-15
-19
-4
6
6
2
8
6
-17
-20
-8
12
16
-6
-7
-16
4
2
-3
21
-10
-14
-10
-12
9
20
19
-12
-15
1
19
-9
-14
-11
-6
26
23
0
-13
-3
-3
15
-26
-9
19
21
25
-14
-6
-10
-14
-11
23
26
7
-16
-4
-11
2
21
3
-1
1
-5
-2
-22
-4
6
17
21
7
0
-39
-22
16
10
-15
7
-1
11
3
-9
3
-12
-8
1
-5
9
7
14
5
-32
-8
18
10
-1
-1
6
3
-9
-15
1
-2
4
33
9
-8
-23
4
12
-25
3
9
5
7
7
4
-5
-22
-15
-2
43
13
4
0
-20
-15
-23
-3
16
32
26
3
-28
-21
-26
-14
15
13
22
17
-11
-38
-22
8
-5
4
17
24
-15
-11
14
-11
-37
-17
30
30
0
7
4
-12
-11
-17
8
4
7
19
0
-17
8
-20
2
8
6
-1
9
11
-12
-28
-1
16
7
-11
13
30
-12
-11
-5
-17
11
8
13
-9
-5
11
6
2
-18
-20
10
6
26
6
-14
1
-10
-10
-16
7
20
27
-20
-15
-5
13
-8
-13
-3
14
6
4
-2
-12
1
-3
-9
0
10
-1
6
-1
8
-8
-4
-2
-14
-1
22
31
-6
-22
-15
-20
8
7
20
18
-11
-14
-6
-6
22
9
-11
-10
-13
6
7
6
8
1
-17
0
15
-10
-15
12
30
6
-29
-12
-2
4
-10
17
28
-4
1
-9
-21
-8
1
18
-2
-6
6
7
15
-9
-27
-33
6
23
30
-8
-17
4
0
7
-16
0
2
-5
22
6
-10
-16
12
28
2
1
-8
14
-2
-3
-11
-4
17
3
0
-17
-18
-7
4
0
1
-15
-25
11
16
12
-19
-20
-1
-9
19
-5
37
21
5
5
-32
-16
-5
35
41
4
1
-19
-20
-27
-18
24
15
39
2
-3
-47
-47
21
11
30
0
9
-17
-17
-22
-7
10
2
24
-11
9
-35
-7
-19
5
22
20
45
-32
-17
-36
14
6
17
24
10
2
-6
-20
-29
5
13
27
0
-11
-6
-2
3
-4
-25
12
19
33
-3
-41
-5
-20
31
27
4
6
-33
-6
5
4
-10
-10
7
26
9
-7
-32
-14
15
22
7
-32
-10
44
22
-12
-51
-35
58
46
-9
-74
-30
104
92
-54
-137
-62
105
111
-34
-105
-45
96
121
-63
-132
-79
60
201
7
-127
-113
-21
202
62
-167
-96
19
203
78
-206
-53
10
101
65
-96
19
-9
-33
44
-14
10
-3
-62
78
25
26
-51
-99
44
74
78
-74
-96
56
27
9
-10
-88
69
46
0
12
-89
11
64
-20
5
-45
-21
80
-21
-14
-14
-26
63
15
-13
-9
-36
31
9
-33
-10
3
61
-16
-27
22
-13
-2
-17
-28
32
22
28
6
-63
-22
17
8
-7
10
10
41
-17
-43
6
2
13
6
-8
8
2
10
12
-35
-1
-1
2
28
1
-1
-4
-4
26
-6
-33
-3
-5
19
10
-1
1
9
-4
-12
-19
3
14
-4
-4
10
13
-8
-7
-9
-5
-2
8
8
-3
2
-10
7
17
0
6
-34
-24
5
19
9
-6
32
-23
-4
-16
-15
17
-27
45
-25
33
-30
-4
15
-55
59
-44
75
-44
7
6
-57
95
-107
89
-41
23
35
-113
111
-110
93
-23
-28
93
-134
149
-107
25
32
-83
118
-121
95
-19
-16
54
-83
52
-43
4
76
-40
15
-23
-56
67
-55
66
2
-35
64
-99
43
-46
3
58
-35
49
-20
-12
-9
-27
-12
-1
39
22
34
-51
-2
-36
-9
36
-41
79
-45
43
-5
-37
17
-52
37
-23
16
48
0
25
-55
-37
-1
-17
61
-3
33
-6
-38
21
-19
2
-6
-5
1
30
-1
8
-24
-26
26
-32
32
-19
14
35
-20
-1
-29
-8
8
26
-3
5
-10
4
7
-19
-6
12
3
7
7
-19
13
-21
21
4
-36
18
-17
36
-16
-31
43
-29
23
-11
-36
17
-27
53
20
-37
31
-52
12
34
-50
49
-73
39
61
-74
106
-79
-44
79
-111
148
-18
-87
160
-201
95
6
-147
244
-183
72
104
-194
223
-160
-57
148
-199
197
-59
-55
162
-188
142
-71
-80
142
-164
119
31
-78
113
-130
38
24
-84
105
-81
55
28
-83
79
-74
22
39
-61
79
-48
5
46
-106
50
-26
19
81
-80
59
-40
-44
53
-62
62
-2
-16
83
-98
16
6
-64
111
-60
-11
74
-102
90
-19
-55
61
-78
46
38
-57
56
-50
18
39
-81
80
-74
5
100
-95
77
-44
-59
108
-79
47
31
-108
104
-49
-27
73
-112
113
-22
-82
118
-112
47
60
-101
89
-92
-1
116
-101
77
-44
-43
97
-84
57
-9
-78
81
-29
7
39
-58
60
0
-32
19
-87
13
29
16
73
-43
-17
4
-59
39
-23
4
71
-27
49
-46
-77
50
-87
26
97
-37
101
9
-103
-11
-95
9
52
27
134
-69
-67
40
-134
36
94
-76
106
58
-96
4
-49
-55
16
52
54
0
47
-36
-84
19
-56
28
87
-61
71
1
-89
83
-48
-45
57
-39
29
25
-28
21
-5
-29
62
-35
-45
102
-63
10
21
-56
15
26
35
-22
39
-26
-41
23
-56
43
16
-17
17
15
-29
-40
30
-3
1
-19
16
-19
10
32
-41
20
-10
1
6
2
7
-26
10
3
-7
20
13
-40
26
17
-48
18
1
2
-6
15
8
8
-5
-30
20
10
0
0
-16
2
-11
13
33
-10
5
-24
-15
13
6
14
7
-8
-2
-1
-22
28
13
-33
3
15
21
-3
-36
-9
3
23
7
-14
-3
-13
-13
15
13
-11
5
-5
3
14
6
-15
-13
-14
14
26
-15
-3
-16
-3
19
11
13
1
-31
-20
-5
22
22
7
-8
-7
-13
-11
-5
6
14
6
21
13
-16
-28
-33
0
38
26
8
-9
-11
-6
0
-4
-4
-7
14
21
7
0
-20
-19
-11
4
13
20
1
7
-1
-13
-13
-10
13
-12
4
4
18
12
-16
-27
-18
26
24
9
-14
-24
-15
-16
14
18
23
-1
-10
3
-14
-7
-18
-1
7
16
17
22
7
-35
-23
-37
9
35
30
28
-11
-29
-17
-3
-13
13
9
8
18
2
-6
-18
-3
-18
14
23
6
30
-28
-24
-13
-25
29
6
21
42
-15
-15
-35
-1
6
-11
25
8
20
-4
-26
-11
-16
-3
31
11
-3
18
-13
-17
-2
-33
-8
16
13
28
1
-35
-19
-31
4
26
29
46
-13
-10
-40
-29
4
5
51
35
6
0
-29
-45
-19
-20
28
63
21
15
-17
-31
19
1
-24
-24
-20
-11
13
27
17
23
-4
-24
22
-16
10
7
-51
-17
-4
13
36
13
32
-9
-17
-10
-17
8
-30
-5
50
-7
9
-3
-51
22
-1
30
49
-39
-2
2
-54
-8
-29
6
65
33
52
-13
-89
-25
-15
8
8
-27
8
39
45
34
-12
-66
-56
-16
-24
49
69
36
9
-86
-30
48
63
17
-112
-61
40
54
51
-12
-36
26
21
10
-35
-54
-3
15
16
9
16
-5
-5
-1
-20
4
4
2
1
0
-6
-12
-8
-4
-6
13
12
0
-4
1
4
3
-2
-19
4
8
7
-5
-9
0
0
23
12
-4
-16
-16
11
-21
-11
19
34
14
-16
9
-20
-24
-23
0
22
12
48
-9
-5
-40
-21
-2
-7
56
8
50
-19
-23
-39
-35
20
1
36
5
38
21
-22
-32
-50
-24
-16
37
41
30
30
2
-24
-65
-39
0
25
20
-4
-5
19
17
-5
3
-7
9
17
-35
-34
-24
24
25
12
35
6
-1
-46
-13
-18
13
18
13
35
-21
9
-7
-31
-10
-28
30
24
13
-7
-19
0
-3
7
13
1
3
-8
-2
6
-27
1
12
14
10
9
-3
-19
-17
2
7
-10
18
21
0
-28
-20
10
-12
-4
17
14
1
13
-9
-20
-27
9
22
-5
-12
7
22
14
-30
-4
15
-10
-7
-1
19
9
-3
-6
3
-16
12
4
6
-11
-10
41
-9
-44
9
24
0
-12
1
2
-18
-9
0
27
30
3
-16
-16
-7
0
1
-35
0
47
14
-29
18
-1
-31
-3
26
12
-3
-17
-2
17
15
-5
-51
-23
28
34
8
-28
-7
34
15
-22
-1
-11
-23
19
-10
2
-7
9
18
-5
17
-2
-37
-8
15
8
33
-23
-10
16
-51
-6
22
-3
43
8
-11
30
-55
-19
22
-67
56
27
-19
94
7
10
-54
-181
30
35
13
167
18
-18
0
-177
-21
19
-87
148
80
14
137
-191
-84
64
-135
103
29
-44
172
-86
-39
56
-158
68
60
-70
120
-40
-94
43
-73
41
89
-17
83
-45
-108
-16
-37
45
67
2
63
11
-96
-9
-9
-32
35
-12
20
64
-38
21
-33
-76
53
2
10
42
-39
2
-11
-18
67
-17
-21
9
-27
16
-12
-5
44
-29
18
22
-33
10
-30
14
39
-25
9
4
-3
10
-33
-19
10
36
5
-44
-35
28
84
-15
-78
-17
45
61
-37
-103
-42
112
127
-19
-119
-89
74
90
-35
-52
-13
69
49
-61
-52
10
66
21
-58
-37
48
20
-61
-31
42
81
13
-81
-34
37
40
-25
-79
7
75
67
-27
-105
0
53
9
1
-26
14
71
-13
-55
-30
-3
35
12
-2
31
-7
-19
-30
-28
40
12
-27
8
20
-16
1
-31
-6
55
15
-17
-22
-3
1
22
-30
-33
21
17
19
8
-26
-24
10
-2
21
9
3
13
-12
-12
-25
-18
8
22
31
9
-9
-33
-24
-1
27
15
13
9
-23
10
-11
-18
-11
-7
33
3
-3
2
12
7
-12
-28
-12
10
6
34
-13
17
-11
-37
22
0
12
7
-7
-7
-5
-12
15
3
13
4
-31
34
3
-6
-9
-30
10
-15
7
15
-8
7
-2
3
15
-2
-22
6
-6
21
-10
-20
6
-6
26
-7
-9
-3
-1
20
17
-6
-14
-10
3
14
-9
-12
-2
4
17
10
-2
-10
-25
4
-3
10
15
8
1
1
-12
-28
-1
0
13
28
12
-2
-16
-20
-11
-10
18
23
-2
2
-2
-10
-16
-13
1
12
9
26
19
-12
-24
-38
-12
12
23
20
20
2
-17
-16
-19
1
7
23
13
-1
-30
-16
-16
-26
-13
-10
16
28
13
-28
-30
-19
2
-3
23
15
26
-10
-2
19
5
17
10
9
24
51
29
12
-15
-5
1
14
22
11
2
-11
-18
-11
-20
-21
-1
3
-29
-20
2
-9
-26
-26
-4
18
9
-11
-14
-11
17
26
17
-8
1
5
15
-5
-2
16
-25
-5
-12
19
21
-24
-20
-30
-9
-4
8
19
-15
9
5
-9
-26
-18
5
-1
28
25
11
-32
-10
-3
-1
14
23
17
-35
5
16
7
3
11
-3
-3
21
6
-2
-24
5
13
27
12
-17
-9
-4
9
-3
-18
18
25
5
-13
-12
-22
-17
19
1
6
5
8
-16
-11
2
-16
5
6
-8
-10
3
13
-4
-5
-13
-3
-10
5
28
3
-23
-24
6
-2
2
4
9
-6
-7
22
-22
-8
8
22
26
-14
-7
-2
-8
2
16
28
22
10
-7
8
-15
-24
7
14
30
10
-10
4
-8
-9
-5
-23
-1
19
7
24
-10
-38
-33
-24
19
23
12
4
-16
-23
-12
-16
8
4
13
42
-5
-22
-9
-34
12
29
-6
5
6
-5
9
20
-33
15
0
-20
22
-28
7
30
-47
10
45
-44
57
-2
-71
64
-22
-49
92
-49
-30
114
-32
-72
81
-49
-47
137
-75
-70
135
-64
-21
101
-128
-34
110
-42
27
57
-80
-29
42
-14
-21
37
-40
1
59
-15
13
-39
-71
55
20
-13
49
-27
-3
8
-81
43
42
-48
7
52
-3
-25
6
-41
-6
-8
5
59
-33
-26
27
-32
-1
42
12
38
-10
-57
7
-2
-38
22
44
-1
29
12
-24
-38
-38
30
44
5
45
39
-42
-66
-27
-29
1
23
63
29
-24
31
-1
-56
-32
-39
-35
70
47
31
35
-25
-54
-51
-15
11
12
13
20
7
23
19
18
-22
-40
-24
-1
7
3
23
-4
-6
25
3
-32
0
-13
-17
30
33
2
-28
-14
1
-10
-20
20
31
-7
0
37
-19
-50
-10
34
27
-23
25
19
-39
-10
22
28
-31
-33
38
20
-1
-10
10
10
-69
37
75
-49
-54
-21
42
23
-33
64
-2
-64
-16
-13
71
-54
-42
63
0
35
-41
-4
17
-53
12
7
41
5
-77
84
12
-74
36
-14
-3
-7
-6
80
-12
-22
-15
-18
23
-46
6
74
-27
-12
37
-8
-14
-66
1
58
12
8
-30
5
-16
-44
58
21
-27
-10
11
43
-30
-63
42
1
-9
23
24
-9
-66
17
49
-32
-22
24
24
-29
-41
71
17
-53
1
22
-15
-27
24
42
-8
-47
17
39
-16
-50
35
28
-20
-1
-9
7
-35
8
63
-23
-5
8
-30
-28
-12
75
32
-78
27
56
-67
-52
3
33
30
-23
60
27
-72
-23
-14
16
21
-20
84
13
-46
2
-73
0
37
-13
35
46
24
-24
-46
18
-43
-29
54
35
9
-39
-8
-18
-47
32
31
11
13
-6
50
-24
-87
36
12
-41
48
34
4
-7
-47
11
-18
-24
80
22
-22
17
1
-22
-48
-21
52
22
16
12
-38
0
-35
-18
13
-15
50
48
-17
-15
-37
-16
12
-13
52
44
-25
-30
-47
-13
14
18
53
30
-20
-7
-14
-32
-36
-9
28
45
45
16
-20
-44
-42
-24
16
28
34
45
-22
-44
-11
-13
29
-6
16
19
-20
20
-2
-40
-26
11
19
24
5
26
-7
-42
-34
-41
43
81
45
-22
-115
-67
57
77
61
-35
-86
-38
10
94
91
-99
-132
-9
67
167
24
-108
-97
-64
112
141
-57
-92
-72
40
142
-27
-100
-33
6
131
45
-81
-12
-26
31
-46
-64
31
76
60
-2
-44
-56
-5
12
18
-9
23
77
2
-52
-89
-34
62
39
32
20
-51
-26
-5
-34
31
33
11
9
-48
16
17
-60
-25
15
76
30
-67
-2
12
-20
8
-28
23
29
-29
26
-4
-25
3
-39
14
58
-17
9
4
-9
4
-74
-26
74
33
6
1
-10
14
-78
-69
45
66
56
55
-19
-74
-88
-73
54
78
39
30
-8
-7
-22
-58
-23
17
45
24
-13
29
-5
-35
-46
-38
29
56
25
49
-6
-69
-41
-25
17
46
15
13
20
-44
-44
-24
-9
59
44
-12
-9
-1
-22
-19
-13
-2
40
19
0
25
-33
-40
4
8
31
22
-13
5
1
-4
-2
-38
-18
26
37
11
11
29
-22
-72
-4
27
24
-4
-13
9
-10
-8
18
24
-18
-9
10
13
-22
-14
3
-20
-2
29
17
6
-13
-13
11
-3
-19
3
24
30
-17
-20
-25
-18
25
32
13
-26
-10
-2
4
-6
3
-12
3
12
2
15
-13
-22
-29
1
23
16
25
12
-7
-23
-28
-18
7
7
5
14
20
16
-15
-33
-4
1
25
24
-14
-17
-19
-1
0
19
8
-15
-7
10
-2
-3
0
-13
27
12
2
-4
-1
-36
-15
14
7
15
23
6
-15
-19
-18
12
-8
0
20
40
2
-39
-4
-18
-48
22
81
8
-11
-10
-4
-35
-31
27
26
-4
28
29
-38
-34
5
6
-35
21
60
11
-25
-2
9
-36
-38
14
23
-3
3
35
14
-55
-19
23
7
-13
6
29
9
-36
-20
16
-4
12
17
12
-2
-4
-8
-13
-9
9
28
-6
4
-3
6
-9
-15
-1
-2
11
8
-1
-9
3
-13
-6
1
-4
34
19
-20
-28
-26
12
13
4
17
7
-13
-9
1
-19
-6
19
26
-5
-18
-10
4
-10
14
8
-9
0
-10
13
-3
15
-6
-1
-10
-9
3
32
7
-21
-25
3
3
-1
26
9
10
-7
14
-41
-48
26
34
10
23
19
-25
-38
-14
10
12
25
0
20
2
-25
-32
16
-24
5
37
19
3
-9
6
-78
-13
40
33
3
15
1
-37
-11
1
-8
-21
28
27
-10
-6
-4
30
-49
-5
57
-30
-18
8
23
-43
17
37
-21
-3
-16
15
-19
-5
29
14
-6
-22
26
-20
-18
26
-22
-14
7
43
-6
14
-8
-14
-38
17
12
-6
28
-1
4
-5
-8
-29
3
-3
-1
35
18
10
-19
-25
-19
-7
22
9
23
-5
-7
0
4
-1
-31
-2
16
21
14
-3
-19
-12
-17
19
6
-7
9
-18
25
-14
-9
8
-16
2
-13
39
-21
1
6
-26
10
-19
45
-9
-22
4
4
20
-25
33
-14
-16
1
-7
7
-26
50
10
-20
5
0
-3
-19
20
9
-8
-8
15
-4
-19
7
13
5
-16
5
4
0
-1
-5
-20
-1
21
-11
5
2
-12
20
3
-16
-20
-11
12
22
11
-4
-9
-19
11
-5
1
25
0
0
-16
-5
1
-20
15
10
14
6
-12
4
-10
-10
-6
-3
7
15
27
1
-29
-22
-7
15
8
3
15
-2
-9
-6
-1
-5
-4
3
1
2
7
18
-13
-35
-9
18
20
13
4
-2
-4
-12
-22
-16
23
28
18
-6
-22
-7
6
-5
-8
7
6
9
13
-14
-18
-14
7
18
-6
10
17
-2
-22
-41
10
14
15
24
-13
-11
7
0
-24
-25
0
27
33
11
-8
-35
-20
11
15
15
-4
-4
18
14
-24
-26
-11
22
13
7
-3
-14
13
21
-3
-42
-20
17
39
3
-12
-13
-17
9
24
4
-2
-19
7
1
-30
-8
14
31
20
-11
-19
-8
-14
15
1
3
6
12
9
-5
-25
-27
-6
13
62
31
-6
-45
-41
-22
-2
33
21
20
9
-3
-7
-33
-13
0
0
28
10
2
9
-5
-17
-16
-17
24
18
14
0
-2
-12
-12
-12
-14
8
12
33
3
-9
2
-17
-8
-3
2
16
-6
-15
-2
7
-1
-2
-1
5
0
6
4
-11
-4
2
17
11
-10
-6
-5
0
-11
-21
1
4
16
30
9
-2
-21
-12
-14
-20
0
30
24
14
-14
-39
-26
9
15
30
8
-15
20
-13
-6
-6
-4
-11
-10
30
16
-7
-3
-3
-10
3
17
7
13
-12
-12
-41
2
7
21
23
10
23
-26
-7
-37
-8
19
0
19
-15
-7
-4
-1
-3
21
22
-11
9
8
-15
-7
-21
-1
3
-1
6
12
0
10
-8
-25
8
0
27
23
-2
-26
-32
4
-2
0
10
0
14
-11
-20
6
13
3
0
-18
11
16
2
-5
-40
6
6
6
10
11
5
-33
3
14
-1
14
-5
6
-1
-35
20
0
7
13
-35
31
1
-33
35
-45
9
18
-17
68
-56
14
29
-73
38
-37
3
69
-53
70
-11
-89
72
-80
62
37
-99
136
-115
29
78
-140
116
-99
23
100
-144
126
-54
-45
79
-133
125
-24
-48
120
-140
64
4
-68
106
-112
77
47
-100
98
-98
14
59
-74
96
-35
0
74
-96
41
-15
-64
89
-50
63
47
-84
51
-85
-15
61
-55
68
-28
-14
65
-65
22
14
-45
44
-10
15
33
-66
7
-10
-21
52
-28
22
37
-51
33
-10
-42
26
-53
53
14
-36
54
-94
36
20
-43
88
-82
7
45
-73
93
-33
7
56
-101
57
-77
5
67
-76
131
-80
4
67
-115
121
-123
7
109
-150
186
-109
-33
147
-222
190
-90
-68
171
-181
210
-95
-72
148
-226
194
-48
-63
172
-214
167
-64
-92
169
-194
144
-11
-55
138
-189
108
-22
-101
152
-138
106
22
-103
144
-160
57
48
-106
145
-116
33
33
-101
134
-103
40
67
-113
98
-85
-10
66
-61
66
-22
10
5
-42
19
-46
30
6
25
36
-72
63
-39
-40
57
-71
61
9
-3
44
-75
50
-47
-54
85
-66
61
64
-77
49
-41
-59
50
-47
21
58
-26
57
-25
-46
17
-107
29
81
-14
93
21
-108
-27
-8
-106
12
118
17
83
70
-171
-73
6
-126
106
125
-36
76
-8
-51
-46
-62
22
-18
57
91
-9
-19
-39
-23
-61
28
123
-92
3
80
-160
67
138
-88
41
13
-67
-52
-19
43
-63
57
118
-71
38
33
-122
15
45
-31
17
1
2
3
3
-19
-61
26
2
25
73
2
-3
-36
-39
0
-53
36
42
-23
45
27
-40
-19
3
-35
-4
27
14
2
18
1
-24
-23
13
-17
8
55
-36
19
13
-46
4
9
-4
17
7
8
-7
-22
19
-20
-19
11
19
-19
5
34
-26
-16
16
14
-2
22
-32
-31
38
-16
-19
46
1
-10
26
-8
-49
-6
21
4
42
10
-24
-25
-25
-4
26
-15
18
35
-18
2
-1
-27
-19
1
10
21
4
11
0
-36
-6
9
-3
9
30
4
-24
-14
6
0
12
-2
-7
8
11
1
-3
4
-33
-4
18
7
14
23
-23
-22
1
-5
4
13
-5
-6
7
-8
-10
30
-2
-32
20
15
-25
6
-9
-25
24
22
-2
18
-19
-51
6
17
0
20
22
-16
-13
5
-6
-16
-6
-16
9
41
27
-9
-12
-44
-19
27
10
12
29
9
-25
-37
-19
9
4
28
34
-5
-7
-4
-46
-38
8
47
50
31
-10
-41
-38
-41
-1
3
31
35
33
22
-26
-50
-71
-27
24
65
70
36
-14
-61
-47
-19
-53
13
47
65
50
23
-10
-88
-59
-17
18
1
65
77
-13
-26
-23
-39
-40
29
28
-22
16
26
23
-27
-7
13
0
13
-24
-36
-53
34
57
22
11
2
-10
-49
-1
-33
2
35
37
28
-34
16
-36
-1
-27
2
12
22
51
-17
-9
-31
-24
-33
-1
12
29
44
32
-16
-32
-26
-10
-14
-12
13
33
31
4
3
-52
-56
-14
46
54
60
27
-25
-62
-53
-3
18
58
23
7
-13
-10
-26
-25
14
11
44
35
-20
-29
-23
-15
-7
5
0
21
14
1
-16
-16
-2
17
23
14
-11
-9
-14
-26
6
23
14
6
11
-3
-17
0
-9
-8
3
14
14
9
-12
-7
-12
-15
-7
19
16
-1
0
-8
-18
-9
-2
-1
13
10
16
9
-19
-33
-9
9
30
17
-1
-8
-18
-12
2
-12
6
42
15
-11
-16
-25
0
6
13
14
-3
-6
13
-6
-24
4
-1
15
10
13
-3
-15
-38
-8
3
17
24
-8
2
2
7
-9
-20
-1
18
16
8
-16
-34
-11
0
-1
16
14
36
14
-5
-26
-17
-3
-4
-2
8
9
10
10
-9
-15
-24
9
19
22
3
-12
5
-6
-24
-29
-2
29
40
28
19
-35
-46
-29
-19
25
43
41
25
-10
-33
-57
-47
-4
44
68
33
-3
-28
-34
-38
-18
-5
18
53
43
-3
-33
-39
-26
6
20
29
15
14
-10
-31
-23
-21
2
23
31
0
0
-7
-10
-32
-3
28
23
32
-10
-25
-16
-7
-8
8
1
16
20
3
-4
-10
4
-1
-7
4
18
6
-16
-17
-14
-9
9
17
20
6
-5
2
-19
-24
-6
-1
14
6
14
11
-6
-5
-18
-11
-2
14
19
18
-6
-23
-14
6
14
9
18
-12
-9
-9
-16
6
3
3
-11
10
17
6
4
-15
-23
-21
-5
19
26
18
15
-17
-25
-4
9
7
-6
-5
13
-7
5
19
-7
-21
12
14
0
9
-12
-4
-19
-1
9
16
-4
-17
-6
-1
6
5
12
-6
-5
-6
-1
-4
0
6
7
-11
-1
9
0
-20
-4
5
19
20
-7
-2
-31
-3
4
3
2
1
18
9
2
-9
-16
-14
-3
-6
14
27
27
-2
-35
-11
-5
-3
16
19
10
-16
-11
-5
4
-10
-6
12
7
37
-7
-5
-35
-42
17
25
33
8
-12
-7
-11
-14
-2
10
4
1
-8
-22
2
-4
11
14
3
24
24
2
-29
-40
-26
-2
-3
9
18
9
0
0
-11
-11
14
38
45
-1
-29
-40
-43
-14
8
0
7
18
36
12
-45
4
0
16
21
12
22
-19
-14
-45
-29
-7
22
31
-16
4
27
20
-7
-5
0
-14
11
10
-9
-17
-23
-10
-17
25
24
14
7
-4
-11
-19
-15
-9
9
7
0
-6
-5
-9
13
14
3
-17
10
12
-18
-7
-32
-1
23
11
28
-1
-11
-3
-4
-6
2
6
13
3
-9
6
-19
-14
-2
-1
22
18
12
10
-6
-31
-21
4
2
19
27
-3
-15
-3
-23
8
5
-6
2
28
16
-11
-13
-17
-4
1
9
3
22
5
-4
-22
-28
7
-11
13
23
-16
34
0
-28
24
-43
-7
26
-34
60
11
-51
46
-21
-11
0
-25
75
-14
-16
29
-32
-27
-29
17
63
8
-21
6
7
-42
-155
-13
175
81
-7
-4
11
-143
-228
57
201
89
33
18
38
-178
-324
22
243
170
73
95
-37
-288
-211
-18
137
213
105
20
14
-184
-199
-52
51
156
156
-21
-82
-39
-42
-113
4
156
40
-48
-47
19
11
-109
-91
132
73
-16
41
96
-64
-187
-25
64
89
56
61
77
-65
-186
-85
146
42
62
-12
18
-32
-7
-60
-6
-42
31
33
95
18
-37
-55
-79
-35
5
92
-5
46
-16
-50
-44
4
-5
19
-21
-15
68
39
-102
-49
39
40
9
20
5
-7
-64
-14
19
52
-4
36
28
-42
-18
-18
-26
-17
64
41
30
-61
-7
31
-9
-29
4
-12
-8
39
75
-1
-83
-50
17
18
33
34
25
-19
-62
-16
33
-30
18
79
-49
-29
57
-47
-1
40
-81
64
69
-155
47
189
-242
-18
250
-282
-41
385
-153
-180
265
-205
-214
550
-320
-483
867
-205
-452
581
-187
-313
274
-100
-261
78
968
-613
-743
928
-580
-10
1049
-742
-594
807
-522
26
711
-110
-534
393
-149
-841
1116
-371
716
-311
-1173
98
1277
-39
-170
-574
-226
683
-434
213
-97
146
260
-390
416
-346
-846
867
-444
1265
-2
-1118
58
-913
360
554
1323
279
42
-2354
-1404
670
2052
1235
23
-57
-2918
-719
332
1538
2168
-227
-1185
-1066
-624
-873
891
2470
1116
-2029
-937
-586
-509
1182
768
619
580
-1734
-590
126
-535
990
989
1012
-1602
-722
-742
478
595
967
300
-776
-110
-1143
456
-520
769
1357
526
-1232
-1479
-561
685
1907
260
-662
-812
-408
-100
1324
-248
-869
403
544
121
-815
-467
374
649
535
-116
-841
-809
-49
1670
416
-875
-667
108
129
63
610
-401
321
-268
-101
-335
-414
368
1474
305
-1656
-600
-138
875
812
268
-753
-727
363
163
-32
145
-285
38
703
416
-970
-1051
537
542
287
-126
297
-413
-82
35
-187
-346
-50
851
180
-77
-253
-134
-512
-109
334
249
147
453
504
-691
-993
-472
651
510
263
242
-173
-420
-35
71
-468
-384
278
700
293
124
-184
-290
-290
-164
-293
47
534
283
401
101
-160
-773
-337
49
152
196
187
213
44
146
-35
-348
-596
-210
315
530
11
-64
159
46
-34
-44
-246
-394
-113
390
330
77
225
50
-167
-295
-134
-239
-214
173
364
306
48
-33
-88
-156
-167
-135
-71
39
138
175
145
13
-12
87
-118
-268
-113
12
117
67
153
39
-56
6
-60
-101
-42
76
139
71
-29
-80
-147
-88
64
-19
-8
64
128
115
-13
-104
-140
-14
-33
-74
-4
75
170
91
22
-61
-128
-69
-15
32
37
18
3
11
12
40
3
12
-20
-27
32
-53
-100
-49
26
94
100
16
-23
-61
-55
9
-5
16
16
-8
31
4
-16
-12
-27
23
-10
44
66
-13
-30
-55
-35
-16
18
68
55
24
0
-42
-41
-41
-39
-16
8
40
62
51
-2
-38
-41
-21
-4
2
39
31
-1
-3
-26
-2
28
17
16
-37
-35
6
17
12
-16
-33
-8
20
51
36
-7
-25
-32
-19
11
17
23
8
-21
-19
-22
14
48
29
9
-34
-38
-17
-16
1
-1
11
36
27
20
-22
-59
-29
-9
26
51
26
14
-11
-35
-21
-28
-4
36
31
35
11
-9
-10
-46
-26
7
20
47
29
-14
-26
-23
4
11
-1
18
20
1
-18
-54
-16
15
-4
18
-9
38
38
-27
2
-79
-9
40
-22
67
-44
-20
60
-52
47
-40
-50
90
-47
60
5
-78
83
-45
6
21
-49
64
-31
-2
-12
-59
84
0
33
4
-57
6
-89
86
6
-49
93
-133
37
51
-83
126
-106
-3
97
-111
127
-69
-23
101
-163
78
-29
-42
166
-49
27
-43
-96
93
-26
51
30
-72
30
-58
26
41
-48
54
-35
-33
46
-40
55
7
-83
32
-80
44
130
-50
41
-98
-79
113
-23
90
-7
-113
97
-67
16
31
-133
140
0
-10
77
-185
63
36
-46
138
-131
-2
102
-114
96
-98
-73
199
-102
71
-52
-171
213
-13
25
-12
-227
121
91
39
57
-212
-49
94
43
114
-114
-123
81
31
105
-32
-150
36
14
100
38
-131
-5
3
43
37
-86
-8
36
30
28
-103
-42
64
47
52
-78
-48
33
21
27
-60
-23
17
49
55
-26
-35
-35
21
54
14
-36
-54
11
41
35
-39
-71
-2
48
49
5
-48
-34
35
11
0
-55
-55
71
42
38
-67
-99
50
58
78
-50
-115
9
51
82
-18
-94
-14
57
88
21
-89
-66
16
54
51
-44
-30
25
42
28
-77
-61
-9
76
68
-23
-19
-73
16
56
-35
30
-55
-22
107
-25
-1
-44
-74
110
22
-21
-27
-80
89
88
-38
-67
-107
28
123
46
-27
-96
-32
29
68
-19
-43
-23
12
134
2
-6
-129
-139
51
70
156
58
-56
-83
-76
-26
17
84
20
65
1
-60
-2
-74
-22
16
32
81
77
-47
-79
-89
-33
123
67
37
-51
-110
-14
16
34
40
-24
4
36
-12
12
-64
-25
21
-20
48
0
10
28
-24
5
-48
-41
28
31
69
-3
-51
-37
-35
37
37
-7
-38
-3
39
25
17
-42
-28
-6
3
56
-17
-22
-10
-38
45
-31
36
40
-41
58
-60
31
-18
-24
46
-69
86
-40
26
-9
-99
98
-58
76
-8
-37
55
-65
69
-51
-20
-14
-8
64
-39
47
-40
13
-15
8
19
-65
67
-43
45
-16
-15
16
-67
81
-24
23
-16
-13
18
-56
70
-27
29
5
-20
-16
-38
50
10
25
-12
-11
-19
21
18
-4
-13
-36
29
-5
36
-14
-10
5
-19
25
-44
27
28
16
9
-48
-7
-17
22
7
-3
22
-1
9
-19
-30
-14
-4
46
9
13
6
-27
-4
-44
0
-9
4
30
17
10
-4
-9
-20
6
-14
-2
8
3
24
-10
8
-9
-24
-3
10
16
1
11
-15
6
-22
18
-12
1
17
-9
32
-26
20
-44
14
8
-25
51
-31
45
-23
-22
13
-28
52
-36
14
-10
-7
38
-27
16
-28
24
2
-23
15
-13
14
0
-4
-29
15
16
-10
-4
-16
17
-20
23
-8
-9
4
-6
10
-11
-3
14
10
-17
-5
-16
28
-7
-1
35
-24
36
-12
-7
-21
-47
49
-12
46
14
-22
20
-39
3
-14
8
28
-22
31
-20
-8
15
-21
-8
-11
14
31
2
-12
13
-23
-8
-11
16
35
-18
27
-25
-12
-5
-21
32
5
19
0
-16
-15
-14
-2
-2
5
22
13
-16
3
-27
-26
9
10
36
-2
6
-16
-29
-4
-9
17
11
11
14
-4
-24
-19
-11
3
10
11
19
15
-9
-7
-28
-5
-3
3
26
18
10
-19
-23
-6
2
10
11
15
14
-1
-1
-26
-19
7
12
9
24
2
-8
-15
-14
21
-6
19
0
5
14
-27
-12
-7
-14
3
-2
9
23
5
1
-3
-18
-12
0
5
-2
4
9
-8
3
-15
-8
16
11
19
-2
-12
-23
-12
15
-4
-4
4
4
-18
-23
5
39
20
3
9
-2
-7
-14
-7
-12
-19
1
19
21
12
-13
-2
-9
3
10
-5
15
23
-5
-32
-47
-9
9
12
31
7
14
-4
-8
-2
-23
3
22
11
1
-20
-21
1
13
12
4
-6
-1
3
-10
-21
-26
1
14
25
6
-16
-3
-9
-4
-2
-10
1
16
14
15
24
-41
-8
43
-60
13
16
-31
96
-25
-53
75
-80
21
34
-50
52
-27
-8
21
-6
-6
-34
33
8
11
18
-81
25
4
-24
87
-42
-12
36
-56
28
16
-32
26
-6
-1
3
12
-2
-23
10
-1
-11
41
-18
-7
18
-56
45
14
-29
35
-41
13
12
-28
36
-14
-32
25
5
21
14
-34
-38
6
16
10
2
4
21
-38
-11
-8
-22
28
14
11
31
-17
-17
-22
-34
-7
34
36
12
1
-18
-20
-25
18
10
12
17
-1
4
-4
-21
16
-21
-31
23
25
25
-6
-23
-8
7
-3
-1
-18
-16
14
33
18
-4
-29
-21
7
18
9
5
-22
-5
29
9
-12
-12
-2
-4
5
-1
6
0
14
16
-15
-17
-11
-3
-2
7
11
17
3
0
-15
-33
-17
12
21
25
-2
-3
-15
9
-28
22
-12
-31
60
-27
64
-70
44
-60
29
-33
36
-1
-1
26
0
-19
21
-83
106
-101
97
-13
-42
59
-111
138
-143
117
-73
61
-6
-32
12
-24
12
-20
2
37
-52
107
-110
31
-14
-20
41
-26
24
-8
44
-40
5
-11
-40
55
-30
38
-5
1
-41
46
-51
28
35
-31
28
-22
-2
-14
25
-25
-17
34
8
12
29
-46
-4
-40
12
-3
51
-17
36
-3
-48
3
-26
-1
32
24
21
-15
-14
-21
-19
19
14
28
-15
1
-36
3
-6
11
3
0
15
4
-10
-8
-16
-10
15
-16
36
-8
-4
-14
-3
-13
19
31
12
11
-28
-19
-26
17
16
-1
0
22
14
14
-44
-22
-12
29
3
39
9
-15
-4
-47
27
-24
37
-1
-2
13
-7
8
-1
-20
-8
-4
0
32
5
4
-38
19
-9
-14
-10
12
28
-10
16
-12
-11
-18
-5
17
1
18
-10
-4
-29
2
15
14
5
-13
4
-3
0
-10
-1
-5
-1
6
21
-2
2
-15
-11
-2
9
25
-9
1
-26
-21
19
14
28
-5
-7
2
-18
-9
11
13
-13
2
8
28
-23
12
-17
-11
-5
25
14
-33
24
-32
27
-14
12
-18
3
24
11
13
-73
2
-45
41
-10
46
7
12
10
-24
10
-69
30
-23
29
-9
5
6
-9
18
-44
3
-5
59
24
-6
-16
-28
30
-66
46
-80
78
-40
86
-47
-3
-12
-8
16
-6
22
7
3
-4
-10
-53
22
-55
77
-52
82
-83
64
-26
44
9
6
-25
-16
-18
-45
9
-12
50
6
14
19
-21
-9
1
-15
36
-42
25
-6
-36
4
-34
36
-17
39
-4
19
-6
29
-38
-2
-7
-41
59
-21
26
-27
-10
24
-24
33
-8
25
-14
35
-35
16
-35
6
-1
-38
66
-14
53
-32
11
-68
44
-24
45
-22
5
-30
10
13
-6
44
-36
45
-63
1
-16
-12
66
-39
18
-27
10
-19
36
-43
43
6
-12
25
-63
47
-60
54
-59
26
7
2
60
-44
40
-41
-1
-8
-2
15
5
34
-50
38
-54
22
-24
24
27
-5
24
-17
6
-42
-42
13
28
9
42
-5
-24
12
-32
-14
15
-37
53
10
1
24
-27
-47
30
13
-44
93
-97
82
-3
-53
34
-62
-4
60
48
-33
33
-138
97
-14
18
-89
4
11
161
-20
-50
-108
-70
166
-43
106
-145
41
-10
107
-108
33
-106
67
119
-88
70
-171
139
11
11
-54
-30
6
68
-35
-2
-72
11
114
-16
54
-121
-11
-3
7
39
-11
-33
23
55
15
-3
-168
81
-9
92
24
-110
38
-41
28
36
-85
32
20
-18
137
-127
45
-76
5
44
-1
-39
58
-32
20
20
-24
-2
-11
-37
41
-5
-1
94
-146
132
-144
74
3
4
-17
50
-130
201
-240
274
-206
132
-112
87
-71
89
-105
15
84
-136
298
-378
425
-494
462
-422
341
-271
227
-192
205
-182
141
-93
-22
122
-198
184
-100
38
38
-84
69
-28
6
-2
-44
42
-39
71
-82
137
-132
124
-142
143
-183
174
-157
102
-34
-78
158
-143
188
-116
3
63
-156
242
-322
379
-401
401
-353
232
-125
-8
115
-105
142
-112
7
61
-78
36
0
-30
51
-91
126
-142
229
-319
377
-358
289
-209
138
-72
-22
114
-199
262
-288
237
-153
2
180
-288
391
-454
452
-407
332
-303
257
-251
162
-57
-22
184
-193
197
-186
133
-157
151
-203
167
-125
140
-74
59
-50
45
-71
8
64
-74
83
-10
-23
-45
-8
19
24
-55
93
-34
4
5
-21
28
8
-18
72
-68
0
39
-150
152
-175
193
-132
103
-28
-54
54
-56
67
-38
48
-56
112
-146
108
-106
-47
113
-144
170
-66
66
-15
-18
-27
-6
-6
10
7
-2
39
-25
17
-44
-28
-23
42
49
-10
26
5
-110
135
-129
123
-115
66
-13
-57
134
-122
123
-162
144
-121
63
39
-36
54
-56
36
-46
57
-73
98
-115
122
-100
32
-8
28
-15
27
-23
9
-29
-36
84
-111
106
-9
13
12
-74
33
-79
42
46
-52
69
-34
30
-55
11
-10
23
-50
81
-34
8
21
-59
40
2
-62
77
-64
49
-1
-5
27
-73
70
-78
83
-43
51
-68
38
-42
50
-39
44
9
-18
12
-57
36
-35
-3
69
-55
60
-16
-36
-3
-45
71
-15
23
7
-27
-18
5
-11
60
-47
41
-35
14
-22
32
-42
39
-14
4
18
-31
11
6
-28
7
-13
6
0
15
46
-55
32
-61
4
20
-5
6
1
-15
6
16
6
-17
21
-89
29
86
-49
74
-35
-98
94
-66
41
48
-77
59
-32
-20
51
-34
-26
72
-8
-45
23
-20
-51
112
-56
-26
92
-54
-9
33
-57
-11
29
-26
34
48
-36
-17
36
-79
11
63
-64
41
29
-81
54
9
-40
38
-49
-4
61
-23
29
8
-80
46
27
-84
66
18
-31
23
-7
-7
-30
-8
60
-33
21
14
-41
17
-36
9
45
-37
26
36
-56
-33
60
-67
14
49
-6
38
-41
19
-3
-50
-5
35
18
-24
67
-16
-24
-3
-43
58
-34
1
31
-36
13
12
-27
-20
19
14
-1
-9
7
-8
-30
-8
-2
12
18
9
-7
-25
-32
34
14
-11
21
-45
6
17
20
-5
-34
26
6
16
12
-15
0
-7
-16
11
23
5
15
-8
-10
-7
-1
-2
-28
-5
23
24
9
-11
-24
-10
-12
0
23
-10
3
8
-8
20
16
-17
-15
-32
-4
31
5
33
4
-19
19
-20
8
-13
-12
27
-18
8
7
-6
17
-26
3
-6
-23
15
-26
8
5
10
13
-33
-11
1
9
18
2
8
-15
-5
-6
-2
21
15
13
-21
-25
3
18
21
3
-2
-12
-12
36
9
-27
-16
3
16
0
5
13
-9
1
5
2
9
5
1
9
-11
-24
-11
-19
-11
12
29
36
11
-14
-24
-4
0
-14
-1
5
-5
-3
20
9
-30
-19
-6
2
19
22
24
-3
-30
-16
3
16
-4
-22
-1
19
24
15
-18
-26
-11
-10
13
35
15
-13
-13
-22
3
11
-12
10
9
-1
5
-7
-2
0
1
9
11
-3
-21
-18
3
21
15
-5
-1
2
4
-1
-22
-21
0
19
20
17
5
-15
-16
-9
-11
-4
-1
20
32
11
-15
-28
-24
-19
9
16
15
13
0
2
1
-14
-14
1
-2
22
15
-11
-2
9
12
-9
-13
16
17
-5
-15
-14
2
9
2
11
9
18
1
-23
-15
-34
-3
23
19
23
-19
-15
-1
-11
-15
-22
18
24
18
7
-27
-18
-1
-5
1
21
37
15
-21
-19
-12
9
21
15
2
-15
-10
1
19
-1
-4
2
-3
-10
-17
4
15
5
2
-9
-4
-5
-25
-11
2
14
36
15
-20
-30
-16
7
-1
16
34
0
11
-4
-12
-17
-33
19
44
13
-5
-2
-6
-18
-7
0
-17
0
14
6
-11
7
-5
-19
0
-3
5
-4
-14
14
-3
10
-3
-19
7
-7
21
13
-18
7
-11
-5
5
26
-2
-15
20
-11
-4
7
9
-8
-17
35
25
7
-34
14
4
-61
14
54
6
-67
70
34
-93
-18
51
32
-114
88
58
-73
-31
36
41
-103
50
32
-34
-55
62
35
-85
57
39
-29
-105
61
39
-80
81
5
12
-76
34
20
-47
28
-27
32
-13
13
3
22
-9
-49
38
1
-23
-35
42
7
-23
41
-1
-19
-20
-4
0
31
8
-16
28
-16
-23
-34
42
6
-8
30
-2
-1
2
11
-25
-16
-1
9
7
2
-3
-11
-10
0
13
12
6
5
-6
-21
-26
-17
-4
-15
8
31
11
8
-15
-22
-14
8
39
23
9
-10
-13
-24
-19
0
21
31
11
11
-11
-8
-1
7
-1
-5
-5
-10
23
2
14
7
-19
-30
-16
27
10
-5
0
1
-1
2
14
-3
-4
-15
-29
-2
10
27
16
1
2
13
-11
-16
-7
-12
5
22
15
4
10
-18
-18
-14
5
3
5
8
0
0
15
-10
-32
-5
5
5
3
10
8
-34
-26
2
-8
23
18
24
16
-30
-23
-10
-7
2
26
47
16
-19
-24
-9
11
26
14
4
-1
-8
-6
0
4
14
-3
2
12
-24
-17
-3
14
11
-19
-4
11
5
-9
-25
-16
1
11
3
-7
12
0
-4
-21
10
26
-1
7
-21
2
8
-1
0
-24
19
27
16
-4
-23
-19
-10
-9
11
24
-3
18
8
-26
-26
-23
13
3
14
35
22
6
-21
-17
-31
-15
22
32
8
-14
-2
-18
-30
17
34
11
-9
-17
10
-11
-43
-8
2
16
45
32
17
-36
-39
-5
-21
5
21
23
19
5
-35
-29
6
14
26
6
-10
-9
6
-14
-9
-3
-13
-12
7
28
12
2
-12
-15
-16
13
9
-6
7
-7
11
-12
0
-2
-19
26
2
16
23
-3
-21
-51
2
11
26
6
-1
-8
-21
33
13
7
-38
8
6
-13
-11
-23
4
23
29
7
-8
0
-11
19
-8
0
12
16
-12
-28
-3
-28
-9
7
45
44
-3
-8
-26
-13
-2
11
0
-10
0
10
7
-5
-12
-35
7
15
20
26
24
-8
-37
-21
-26
-12
13
25
21
-17
2
17
-7
-24
-6
23
3
10
-1
5
-13
-22
1
-16
16
32
18
10
-21
-18
-9
13
19
6
-23
-21
1
-8
1
-1
18
-6
-4
26
-8
-22
-25
1
-4
22
28
-10
-5
-13
21
-1
13
23
2
23
-1
-2
-23
-14
-26
-4
33
18
20
-25
-6
-11
-11
5
-25
-13
-7
24
10
-2
-26
-14
-8
-10
26
11
19
-18
-11
-6
10
17
5
17
-3
3
5
-3
-15
8
17
1
16
-9
-4
-1
-19
17
7
-4
-3
14
17
0
-18
-26
-4
3
24
16
-7
-20
-24
-8
8
2
17
13
-9
-3
-11
-22
-15
-1
-4
11
19
23
-1
-23
-27
6
30
27
16
-19
-11
-10
7
-13
-7
4
29
35
19
-9
-38
-23
-8
20
17
-14
-5
5
-14
-10
-14
5
8
-9
10
19
14
0
-31
-34
-8
18
36
39
13
1
-13
-21
-19
-8
9
28
24
21
-6
-31
-31
-23
-1
16
31
15
7
-17
-28
-29
-9
11
18
50
25
-45
-49
-58
-15
29
54
57
11
2
-28
-28
-67
-28
10
18
78
1
18
-28
-46
-16
-46
47
37
65
55
-38
-41
-73
-14
3
36
52
59
13
-30
-56
-83
5
-16
87
55
11
10
-118
-41
-35
-1
61
6
36
6
-47
-33
-48
-4
43
6
71
15
-30
6
-81
-4
-20
51
102
33
36
-48
-40
-30
-45
24
-5
59
35
-23
-3
-76
-17
-5
2
40
1
4
-8
-42
-20
-4
25
19
25
24
-13
-19
-32
-4
23
24
33
13
16
2
-3
-31
-38
1
-1
32
31
4
-9
-31
-10
-20
-16
3
-2
18
-1
-18
-7
-16
-11
-3
6
15
23
18
0
-19
-25
-5
14
13
13
4
-7
2
9
11
-5
-16
-4
33
28
7
-11
-22
1
26
11
6
-4
1
20
5
1
-15
-10
-6
7
-1
-10
-13
0
-9
-4
16
4
-24
-31
-31
0
23
31
2
-44
1
25
32
-19
-29
0
40
45
9
-39
-43
3
55
33
-13
-19
7
23
-6
-18
-14
9
12
6
-23
-37
-7
14
14
-23
-3
29
20
-1
-21
-23
-9
24
55
-8
-21
-1
-3
25
4
-15
-10
5
32
21
5
-10
-18
-3
4
19
1
-13
-7
11
10
6
-24
-12
-3
20
26
-9
-20
-4
-19
-41
9
26
24
25
-13
-40
-47
-11
13
26
28
-15
8
-3
-21
-11
-3
7
11
31
11
10
-4
-25
-15
-2
22
33
30
-6
-29
-11
-19
9
9
15
-8
-20
16
-5
2
-13
-21
-12
-10
8
14
5
-17
-34
-8
31
19
7
-7
-21
3
-3
14
8
12
12
-3
16
8
-12
-2
3
10
10
0
11
1
-16
-22
-14
16
0
-9
-14
-27
6
-13
-27
6
10
24
6
-13
-6
-22
-12
10
3
25
23
-6
-2
-1
0
5
13
10
18
1
-4
0
-11
-19
1
8
7
16
1
6
-30
-23
-4
6
24
14
-6
-21
-39
-7
9
-7
24
11
11
-3
-26
-4
6
-7
-1
0
-2
0
2
7
-9
-6
6
4
2
15
-4
-6
-10
2
30
1
-10
-13
-17
14
27
3
21
-10
-24
-22
0
16
11
7
-7
2
-7
-3
-3
-17
-17
-3
27
36
14
-10
-28
-6
-4
-1
-8
-8
8
11
-5
8
40
6
-30
-23
-5
10
15
18
16
-17
-22
-15
4
-14
-7
11
32
38
2
-31
-51
-23
17
20
12
8
2
5
-33
-11
-4
8
2
4
33
20
-6
-35
-33
-21
-2
27
31
9
-15
0
0
-2
-12
-13
25
7
31
29
-45
-81
-19
-2
16
44
50
53
-21
-43
-36
-35
-39
27
112
24
-19
-15
-58
-53
-34
37
90
30
33
27
-88
-89
-4
-29
3
123
82
58
7
-149
-71
-30
-52
142
95
10
35
-66
-60
-52
-66
28
30
97
53
-77
-7
-189
-9
105
-60
181
-36
-67
58
-150
60
-34
-47
112
-87
115
8
-31
90
-86
46
-44
-55
85
-25
90
66
-65
32
-125
0
67
-46
122
-34
-19
28
-120
72
-44
-41
79
-54
52
2
-42
33
-66
-4
31
-25
47
-30
-2
17
-49
18
6
-36
39
7
-21
12
-25
21
0
11
4
-27
19
-33
0
25
-22
50
16
-27
18
-40
5
-11
1
41
-3
24
-14
-23
-3
-16
26
28
-12
13
-24
-2
-3
-49
3
11
10
44
-20
4
-25
-20
23
-22
34
5
-7
15
-17
5
-1
-6
14
-2
6
3
9
-36
4
-14
18
32
-17
3
-42
11
-2
-18
10
16
12
11
-12
-15
-23
-17
17
20
9
17
-6
-4
-14
-32
16
7
14
30
11
-6
-24
-24
-11
0
39
19
-5
3
-28
-15
8
12
-1
-11
18
11
-6
-13
-25
-12
10
9
25
11
3
-3
-13
-26
-8
11
2
22
10
-1
-20
12
6
-25
-12
18
31
0
-5
-23
1
13
-14
-3
14
6
-3
9
7
-14
-16
-8
-10
10
33
17
-10
-30
-45
2
30
26
7
-14
-11
-1
-10
-12
-5
-1
16
21
10
6
-16
-28
-21
7
28
26
17
-8
-17
-25
-1
-12
-3
11
20
25
8
-13
-22
-11
-12
-5
11
6
4
14
10
-7
-7
-22
-7
-1
6
23
17
9
-18
-14
-11
20
32
-14
-36
-6
9
20
31
6
-14
-2
-11
-20
-7
7
-2
-5
35
15
-21
-7
-17
-25
9
14
4
16
0
-18
-2
3
-5
-17
2
19
5
19
-1
-17
-30
-13
20
6
12
25
1
-16
-6
4
-17
-10
17
11
4
7
-2
-18
-20
6
30
13
-2
-2
-29
-11
14
17
0
-10
6
-5
-7
7
22
-12
-11
-8
2
11
7
3
2
-16
-9
-9
3
21
11
1
-4
5
-9
-6
2
5
5
-11
-10
0
-2
16
24
15
-27
-29
-4
8
23
6
-9
-22
-11
13
21
2
-23
-15
-16
8
32
13
6
-26
-23
-5
9
21
6
3
-16
-5
21
-13
-21
7
8
23
22
1
-27
-39
0
18
23
17
-4
-19
-18
7
6
2
2
2
15
5
-12
-9
-20
-14
12
20
33
-2
-33
-16
-4
-12
14
16
18
12
-14
-1
-8
-13
-12
-17
14
23
11
21
2
-5
-11
-28
-10
7
13
26
10
-4
-29
-8
1
-4
9
5
3
0
0
-12
-24
-12
11
23
10
-7
-9
0
-4
-12
3
-10
18
23
26
-11
-31
-7
-9
11
14
3
9
-2
-1
9
-8
6
-8
2
-9
-9
24
10
8
-4
-25
0
11
1
-5
-12
20
17
22
-30
-17
-19
-26
47
-5
34
-26
7
-4
-18
31
-36
22
-33
51
0
-38
36
-50
27
-28
18
18
-5
20
-43
28
-40
31
7
-1
7
-39
2
-2
18
-8
-2
-2
31
-13
11
-36
-11
34
-29
46
-27
2
-11
2
15
-5
14
-30
27
-8
6
20
-37
32
-28
-4
0
2
38
-12
3
-15
20
4
-30
16
-4
4
10
-20
19
-3
1
-11
2
7
-8
14
-1
-12
18
-24
-6
6
-3
-14
-1
37
-11
-9
-18
10
9
4
18
-8
-26
-5
-14
20
6
17
0
-2
22
-6
-19
-32
-1
12
29
11
6
-15
-19
-13
6
-1
4
-1
7
21
2
6
-30
-22
-9
-6
23
31
19
5
-22
-33
-17
3
13
34
30
-12
-16
-41
-49
-6
43
68
50
8
-26
-74
-80
-33
32
74
70
42
-9
-66
-101
-59
1
55
86
97
23
-50
-90
-98
-58
0
78
103
80
32
-36
-110
-101
-27
25
70
62
64
38
-36
-62
-66
-53
-11
31
86
61
20
-18
-64
-63
-39
8
46
51
17
17
-35
-61
-33
-16
6
31
45
31
-19
-16
-30
-37
2
26
37
20
12
-19
-18
-7
5
-1
2
22
14
7
-9
-11
3
17
18
-17
-11
-4
-9
-1
-9
20
-2
5
-4
-13
-12
2
1
8
24
5
-34
-27
-8
0
28
4
7
9
-2
4
-11
-13
-4
-7
4
14
7
3
-1
-6
-14
6
4
16
11
-15
-11
11
2
-5
-16
-16
14
17
16
17
-23
-37
8
33
-12
7
-5
-47
39
19
-51
50
-25
-42
87
-13
-19
27
-54
4
32
-14
23
-12
-2
58
-56
-14
59
-87
46
112
-116
20
88
-131
24
91
-136
-4
134
-93
-25
117
-81
-51
87
-67
-41
91
-13
-27
4
-8
18
-38
-7
72
-85
-5
117
-56
-24
55
-34
-1
-8
2
32
-51
12
55
-42
-7
41
-24
-19
29
28
-37
-39
35
-4
16
38
-40
-10
5
-58
42
48
-42
15
44
-39
-32
15
-19
13
18
16
12
-29
-8
7
-37
3
41
16
4
-8
5
-16
-44
3
25
-9
34
20
-38
-5
0
-18
3
21
-6
7
-4
-25
-8
11
-1
-10
0
18
10
18
5
-42
-15
-8
-1
16
3
20
38
-1
-33
-28
-18
0
39
28
7
-6
-10
-17
-20
6
4
12
11
14
-3
2
4
-28
-20
-15
14
33
20
-18
-20
-7
-10
4
15
4
-4
-6
-2
-7
4
3
-10
5
16
4
-8
3
-7
1
-4
12
15
9
4
-30
-26
-4
13
34
34
-3
-21
-19
-12
-1
-4
13
16
13
-13
-22
1
-4
10
9
4
-3
-13
4
9
-1
-22
-14
5
8
-12
-2
13
-4
21
0
-15
-2
6
9
-6
-25
-16
5
19
25
8
0
-12
-17
-13
-2
9
31
11
-6
0
-14
-19
-5
1
4
17
14
-8
-24
3
-2
-17
22
10
-16
-7
24
14
-30
-2
3
-29
9
44
5
-9
12
-10
-32
13
19
-29
7
14
-10
9
4
-12
14
23
-8
-25
-8
-21
5
40
2
-7
8
-18
-17
14
-17
-5
20
8
19
15
-14
-26
-18
-17
8
22
12
4
-2
20
-6
-20
-6
-29
-6
52
1
15
18
-53
-23
11
4
2
35
17
-42
48
-19
-58
73
-52
-16
86
-65
20
41
-89
15
30
-24
40
18
-50
27
1
-72
88
-71
-16
116
-87
55
6
-87
55
-28
4
51
-41
31
-56
20
43
-80
95
-63
-54
146
-80
34
-14
-119
144
-58
18
95
-146
80
-24
-62
114
-94
43
23
-35
53
-58
3
-3
4
16
-47
68
4
-17
45
-117
36
1
-42
93
-46
34
17
-52
33
-60
-9
65
-29
32
11
-66
54
-31
-26
41
-53
50
35
-33
36
-49
-28
39
-62
61
6
-40
44
-25
34
-3
-28
18
-13
26
7
0
-11
-35
11
-2
48
17
-9
7
-50
8
6
-33
33
-10
25
32
-33
3
-35
-9
6
-10
41
6
4
11
-65
7
-12
16
35
-35
22
-17
7
6
-16
9
-14
-4
23
1
9
-15
-22
31
-6
5
2
-21
14
1
1
-3
-12
15
10
-8
9
-30
-31
2
26
57
-2
4
-16
-24
-28
-23
28
16
28
13
-13
-6
-27
8
15
-1
10
3
13
-12
-9
-7
-10
30
18
-3
-20
-39
38
11
2
25
-38
5
-15
0
5
-56
2
20
19
27
-38
-14
-13
-19
38
-37
-9
26
-24
28
-25
-2
25
-21
29
-10
-15
19
-10
57
0
-32
21
-36
68
22
-36
36
-44
17
22
-25
47
-39
-3
57
-41
17
-26
-41
45
-21
1
7
-30
36
-10
-31
0
-32
37
16
-24
10
-61
11
10
-7
45
-33
13
25
-25
-4
-23
19
15
-9
27
0
13
-11
-21
8
-21
30
27
-10
-1
-22
13
0
-18
-15
-22
13
21
16
6
-18
-17
1
0
-15
10
-5
12
7
-15
6
-15
11
-12
9
37
-7
-9
-6
-19
-3
6
16
-5
-6
18
2
13
-17
-29
16
-1
4
20
2
-20
-15
-9
-3
8
34
16
-30
-20
-12
-1
23
10
14
-4
-8
-14
-12
3
3
18
16
-4
-7
5
2
-10
-4
16
9
11
-3
-10
-10
-11
-13
3
12
23
5
0
-4
-20
-12
5
-16
-28
16
20
25
4
-5
-9
-26
-17
12
21
-1
13
15
-5
-18
-11
6
9
17
13
-10
-7
12
-1
-12
3
22
-7
-11
8
17
7
-17
-9
-3
-8
7
5
-10
-23
11
46
12
-23
-28
-19
-2
14
10
3
-5
2
14
-7
-14
-5
-1
-5
8
30
7
-18
-21
0
3
2
22
-14
-4
12
5
4
-5
-12
-4
-1
14
10
-13
-9
4
0
-2
17
-10
-16
-3
10
9
-9
-3
5
-13
22
19
-12
-25
-18
15
27
5
-11
1
-4
19
5
-16
-20
-4
19
3
-1
12
-1
-4
-19
-3
3
5
16
-6
-7
-3
-17
-2
-1
-2
27
17
3
-22
-35
-9
3
-1
18
10
31
17
-28
-18
-31
-23
13
32
22
13
-16
-11
8
-19
10
-8
-10
35
19
0
-24
-14
-12
-15
27
28
7
-15
-19
10
7
-4
-7
-13
0
7
13
10
-19
-14
-11
-14
34
21
-4
-7
-19
-6
3
3
7
8
-2
-9
-13
1
8
1
28
18
-22
-8
-22
-5
11
7
-3
3
12
-10
-14
-9
4
16
5
8
0
-6
-16
-6
1
-15
20
19
5
5
-2
-15
-19
14
16
14
14
-6
-9
-13
3
1
-2
-11
12
21
12
1
-2
-24
-17
-2
-7
5
21
0
-25
-8
7
2
-12
-6
6
13
-8
-4
-22
-23
3
14
15
22
7
-6
-26
-24
-6
-13
17
39
33
2
-10
-16
-26
-16
18
31
30
10
-18
-19
-6
5
9
6
-14
8
17
-7
-16
-13
12
8
8
-9
-17
-18
8
17
4
-4
-7
6
-12
1
1
5
-3
-3
2
8
17
4
-24
-15
-5
10
14
26
-1
-6
-16
-20
1
-15
17
-2
13
10
3
3
-11
-23
-8
17
14
-3
-1
11
18
-3
-32
-26
12
30
19
11
-21
-14
1
8
-1
0
3
8
11
-11
-26
-17
17
28
5
-8
-7
-3
14
2
-30
-4
2
-1
21
3
12
-27
-9
4
1
8
-9
11
-18
13
1
-24
1
8
3
-8
-5
-3
6
-11
1
13
-3
18
16
-14
-14
-10
1
5
27
23
-8
-2
-3
4
-18
-17
16
18
7
9
3
-24
-13
0
4
1
3
12
-2
-13
12
-17
-13
7
-5
20
8
-2
10
-8
-19
-12
-12
7
22
28
11
-28
-20
-5
-11
12
10
10
19
-2
-15
-34
-8
18
11
10
4
-13
-24
-6
8
27
3
-11
-3
-7
-15
-4
15
13
20
11
-22
-16
7
12
-8
-15
21
15
20
-3
-13
-20
-8
17
16
-3
-7
25
0
-3
-16
-25
7
18
3
-7
-14
11
1
-2
-23
6
-9
16
-11
30
-20
-18
-42
16
16
-24
38
-16
27
-34
20
-28
19
-13
14
-2
-14
24
-15
13
-2
10
-17
-11
22
0
29
-6
5
-15
-9
16
0
8
-14
17
-1
1
-9
5
3
-6
11
0
-11
3
6
4
-28
-13
0
23
-7
11
7
-5
4
3
-15
-16
4
18
-1
8
-6
-9
4
9
0
-32
-1
17
18
2
1
1
-21
-9
-23
-16
23
37
27
1
-28
-19
-15
0
-2
26
5
4
5
-19
-23
7
18
-2
22
11
-15
-13
-5
4
-8
1
21
7
9
-9
2
-5
-27
-23
28
32
15
25
-13
-52
-28
-7
3
14
35
45
33
18
-32
-84
-86
-49
25
83
86
65
-4
-63
-89
-77
-44
5
77
99
69
29
-29
-82
-90
-44
1
40
56
29
9
15
25
29
-15
-65
-52
-42
-20
50
56
44
28
12
-28
-43
-24
-31
-31
14
54
47
19
-3
-11
-40
-63
-28
12
17
36
63
51
24
-24
-64
-85
-65
10
36
63
81
58
-16
-61
-66
-64
-37
27
78
88
41
-35
-62
-77
-39
16
29
23
10
5
-4
1
20
24
10
3
-42
-61
-42
0
19
39
40
20
8
6
-17
-17
-16
-7
24
7
5
11
-15
-8
12
3
-15
-20
10
26
11
2
7
-20
-25
-9
15
9
-8
11
13
-14
9
10
2
-4
1
10
-7
-28
-29
-4
4
40
33
-7
-18
-23
-7
1
11
8
-14
-4
16
13
2
-3
-8
-10
-4
7
30
11
-16
-13
-18
5
7
14
8
-20
0
1
-11
11
28
-1
-24
-12
1
3
2
4
-3
-8
11
17
-3
-5
1
-13
-10
-7
14
35
10
-7
-25
-16
14
7
-4
9
21
8
-14
-16
-21
6
11
17
10
-17
-8
18
-21
-22
14
15
-13
20
10
-22
0
-13
1
-15
8
-12
0
5
10
8
-7
12
-14
-10
9
9
17
-1
-47
-28
2
34
24
23
3
-3
-17
-25
-24
11
35
41
12
-30
-34
-37
-34
16
46
42
66
7
-55
-71
-49
-28
43
84
82
41
-42
-80
-76
-64
12
71
70
61
27
-23
-42
-58
-61
-18
29
68
62
13
-47
-45
-40
-21
43
50
28
13
-40
-72
-63
-27
40
61
61
51
-7
-49
-87
-46
-9
37
65
34
1
-29
-53
-53
-9
26
71
55
11
-15
-48
-53
-9
38
57
25
1
-5
-35
-33
-2
5
6
50
27
8
-1
-23
-34
-24
4
27
16
10
18
-6
-25
-14
-28
-26
3
15
36
16
0
-19
-52
2
-2
-5
0
12
15
5
-4
4
15
8
6
-19
3
4
17
-11
-14
-4
9
19
-17
-16
5
2
8
-2
7
9
-8
-9
-22
-18
13
14
9
7
-9
5
10
-2
-11
-13
-8
32
16
-12
2
-18
-24
2
-5
16
24
11
20
-7
-12
-16
-23
-20
15
32
11
-22
-16
26
12
-7
-6
-5
6
7
-8
-15
-16
11
9
-1
-10
-6
4
-19
2
13
3
7
0
6
9
-4
-12
-14
-29
-13
-15
21
42
47
11
-26
-29
-9
0
0
35
14
5
-25
-38
-24
-8
15
31
45
23
-1
-48
-65
-23
-2
60
62
58
-8
-25
-52
-63
-8
-9
60
13
35
9
-40
-26
-42
40
-1
25
41
5
39
-78
-7
-45
-9
54
-15
63
-33
13
-40
-57
26
10
76
35
3
-30
-62
-83
11
-6
44
79
-1
49
-101
-21
-29
8
86
42
54
-79
-78
-48
-19
71
72
9
24
-52
-24
-57
-65
51
14
164
-32
-41
70
-188
56
-20
-57
158
-76
107
48
-192
95
-80
-70
194
-75
17
85
-117
17
1
-63
14
56
2
-18
84
-85
-43
79
-119
18
90
-61
119
28
-124
2
-53
28
108
9
-30
-43
-44
-31
42
22
-17
121
-11
-57
26
-135
10
66
-23
103
-9
-81
25
-18
-34
-3
19
27
59
15
-72
-38
2
46
-1
-15
-5
-15
48
49
-43
-76
-20
20
48
68
-36
-44
41
-6
-42
8
-7
9
69
-31
-49
31
-1
-2
-23
-28
30
53
26
-34
-26
-12
-8
36
-23
-42
34
29
16
12
-28
-21
-10
-17
4
11
39
18
-18
-13
-27
9
14
-45
11
52
19
4
-35
-53
-12
42
45
-9
-14
0
-17
8
-1
-30
-3
30
24
-1
-16
-30
-2
27
1
8
1
-23
-9
-10
6
15
0
10
7
1
-9
-21
-11
3
19
18
6
-3
-4
-3
-20
4
24
7
10
14
-2
-15
-30
-25
-17
3
51
42
28
4
-26
-58
-46
-13
13
36
59
47
1
-53
-70
-52
-9
38
40
49
25
-18
-41
-49
-34
12
46
50
27
4
-36
-56
-37
5
43
13
45
21
-7
-39
-43
2
6
27
26
5
5
-23
-45
1
27
33
4
7
4
-23
-37
-24
-11
18
32
45
33
-13
-35
-44
-28
2
24
23
26
24
-7
-30
-18
-30
10
14
22
53
14
-10
-52
-74
10
32
42
47
-16
-12
-55
-42
13
-5
42
18
13
2
-38
-13
-17
-4
5
26
3
18
-7
-3
-3
-34
7
-5
30
17
-1
-8
-34
3
-5
21
17
9
19
-12
-16
-21
-18
-7
24
13
21
19
-1
8
-32
-7
10
11
17
-18
-8
-14
2
8
2
4
-2
6
9
3
-11
-12
-2
-17
-2
11
10
-1
4
2
2
9
-9
-26
-12
15
8
10
-4
-12
5
-7
2
12
9
1
-15
-3
0
3
3
-1
-5
-9
-1
0
12
5
15
10
-12
0
-20
-4
6
6
14
16
-7
-6
1
-11
8
5
-10
3
0
5
5
-1
-8
-10
-1
-2
8
-1
11
-7
-7
12
-8
2
1
11
-4
-13
-13
-17
4
16
16
-1
-12
2
-19
-4
3
11
14
-3
0
-13
-8
-22
12
30
15
2
-5
-24
-25
11
17
7
-13
5
6
17
0
-21
-25
-23
9
19
5
15
18
11
-22
-37
4
0
9
-3
7
5
2
11
0
-13
2
46
34
11
-13
-41
-59
-53
-14
13
54
129
126
-4
-146
-135
-39
26
20
55
55
10
-25
-50
-38
-60
-63
32
138
145
61
-58
-126
-99
-32
36
62
50
31
-20
-52
-34
2
2
-1
48
75
39
-62
-123
-94
5
116
122
43
-69
-126
-66
21
50
22
7
67
85
-7
-114
-106
-13
66
86
39
-9
-22
-20
-16
2
4
-4
26
41
4
-22
-21
0
-25
-51
-39
28
97
67
-19
-78
-71
-19
29
28
31
6
-14
-26
-18
-30
-18
20
33
20
-19
-25
-12
7
8
0
-17
16
27
21
-7
-33
-28
-12
1
29
45
25
10
-7
-24
-37
-10
21
24
23
10
-1
-12
-16
-2
-3
9
5
5
2
-20
2
8
21
17
-1
-8
-20
-4
-4
-8
12
10
10
9
-2
1
-4
-27
-15
-4
17
27
-7
-16
-24
-8
10
-2
0
-8
8
-5
-6
2
-4
-19
-13
8
20
15
-19
-8
-3
-4
-7
6
4
7
13
-2
-17
-11
-1
29
28
-2
-15
-5
8
17
22
-17
3
-5
22
43
1
-22
-34
-18
3
37
35
22
-10
-27
-55
-2
18
27
2
-14
-32
17
5
0
-39
-27
-3
37
25
31
-17
-16
-17
-39
12
24
32
19
0
-28
-15
-3
4
12
30
1
13
-19
-23
-24
5
-11
11
14
7
-3
-9
-26
-12
2
20
24
6
-10
4
-19
-4
-19
-5
24
26
1
11
-8
-18
13
-5
8
16
-2
16
-19
-2
1
-20
-8
14
23
18
12
-12
-33
-16
21
24
-15
-31
-24
6
0
-13
-16
24
9
19
16
-14
-40
3
-29
-35
19
22
30
-7
-19
-5
-24
-20
-8
-10
40
54
49
-18
-49
-47
-11
-6
18
44
26
14
-18
-37
-24
16
26
23
16
5
-12
-37
-31
-12
17
30
6
2
15
0
-13
-8
-4
-1
30
20
15
-19
-25
-17
-15
1
21
32
26
8
-24
-25
-20
-3
13
13
24
5
-16
-44
-46
0
23
42
47
16
-18
-41
-52
-52
13
28
35
49
1
-33
-40
-23
3
24
27
29
8
20
-5
-32
-41
-29
22
31
47
18
-5
-9
-17
-7
-3
14
18
18
-3
0
-12
-20
0
6
3
0
22
34
-1
-30
-46
-28
5
14
23
12
4
-16
-11
-9
-12
-9
16
4
-1
1
0
10
-7
-11
1
-4
5
17
-17
-17
-6
12
21
22
2
-13
-30
3
27
4
-10
-26
13
38
-3
-35
-25
29
57
-6
-28
-33
-3
5
-6
-12
10
24
17
7
-16
0
0
-12
-16
17
12
4
-2
-21
-19
-5
17
25
17
3
-9
-2
-14
-14
-5
25
23
-6
-19
-16
-4
-11
-2
22
21
7
-12
-9
-17
-8
2
1
19
9
16
-9
-12
-5
-9
-10
-2
10
15
8
12
3
-21
-15
-11
3
-4
12
15
9
3
-10
-11
-5
-16
-6
39
26
-2
-10
-20
-27
1
8
14
4
18
16
-11
-17
-41
-9
7
31
23
15
-15
-32
-9
-1
2
-3
13
13
9
5
-1
-26
-15
-3
20
23
-6
3
-1
-16
-7
5
21
-4
-6
10
-1
-2
-5
-12
-10
10
22
19
-9
-19
-10
-9
-1
13
21
11
2
-15
-7
-13
-13
5
19
27
3
-14
-33
-29
-6
29
30
15
-3
-18
-5
-4
-8
-10
-7
6
20
15
20
-7
-26
-20
3
11
9
12
0
-10
-16
-1
-2
-2
1
12
13
5
6
-8
-17
1
3
9
9
-16
-14
-4
16
22
7
-8
-19
-3
20
-2
-9
-13
5
10
10
21
-10
-18
-6
-17
7
1
0
21
7
12
-19
-29
-16
-12
11
22
27
11
-9
-29
-24
-8
9
14
24
38
0
-26
-32
-26
-2
1
12
27
16
8
-5
-6
-3
-18
5
13
-8
-9
-1
0
14
1
-14
4
5
7
5
2
-10
-11
1
-20
2
28
-12
4
-6
16
12
-22
24
-17
1
5
-6
19
-33
-10
15
1
41
-9
-14
-18
-42
38
-5
8
34
-12
17
-34
0
-14
-38
69
-48
55
30
-111
136
-106
-44
128
-164
147
31
-160
165
-159
42
115
-169
182
-132
-5
121
-201
188
-74
-76
219
-203
100
24
-190
208
-94
-39
147
-159
77
77
-119
66
-55
-47
86
4
9
44
-44
-42
30
-27
4
37
-53
45
34
-65
73
-34
-72
77
-40
24
45
-64
51
-74
-9
75
-110
99
-11
-89
128
-91
-4
61
-111
62
3
-54
102
-74
-4
90
-101
67
17
-84
96
-28
-12
76
-115
41
58
-80
91
-28
-59
62
-66
34
28
-59
52
-44
-6
56
-53
7
3
-44
63
1
-19
30
-37
-13
19
-3
40
0
-22
7
-52
27
7
-21
51
7
-3
19
-27
-13
-8
-39
36
-4
34
4
-11
20
-46
-2
4
0
2
21
-18
0
5
-20
19
-16
-9
-2
27
9
-19
-12
-16
-2
-1
22
20
-14
9
-21
-23
44
-21
-6
33
-22
8
33
-14
-29
17
27
-46
25
41
-80
33
43
-39
13
42
-69
11
25
-44
5
39
-10
-32
51
-15
-23
30
-28
-30
27
15
-6
27
-38
-10
26
-3
-42
31
34
-37
51
16
-93
-2
41
-43
43
45
-54
28
4
-51
23
26
-93
61
73
-86
13
62
-113
-15
86
-52
15
64
-26
-27
30
-81
-7
63
-28
5
41
-30
-27
33
-22
-9
9
20
51
-34
-11
25
-9
-20
17
17
-35
53
10
0
-10
-35
41
6
-24
-6
59
-14
-29
29
-20
-24
-24
50
3
-43
20
41
0
-47
3
4
14
-3
34
26
-69
11
0
-14
3
28
24
-35
-22
-2
23
-10
-13
14
5
-8
-5
11
-52
-23
34
16
13
16
12
-48
-27
6
5
25
29
21
-15
-22
-23
-14
-3
17
43
6
3
10
10
-39
-32
12
-1
9
36
31
-11
-40
-9
7
2
-2
16
22
-8
-14
-15
-25
-26
15
28
25
13
-16
-23
-21
-15
16
8
16
3
-8
-8
-17
-19
5
10
2
22
11
-10
-27
-16
4
-16
-3
21
16
13
-4
-19
-25
-8
11
19
-1
2
4
1
-12
-22
8
13
3
12
21
-18
-9
4
-8
-2
30
22
-5
0
-2
-2
0
-3
-8
9
21
1
-14
1
-19
-13
44
18
-36
-2
-23
-13
3
31
36
-19
19
-16
-42
7
-16
-3
55
-24
11
19
-34
-19
-4
9
-17
33
42
-38
-27
20
-30
-2
39
-30
-23
35
17
-15
3
23
-88
7
53
-35
46
8
19
-35
23
-56
-14
16
14
76
-90
111
-71
-2
3
-64
108
-77
96
-61
-8
10
-50
95
-97
114
-58
1
22
-67
65
-121
143
-66
37
3
-61
88
-116
95
-84
45
1
-30
49
-56
68
-83
49
-33
20
-10
10
30
-69
77
-79
31
-39
34
34
-24
36
-43
33
-42
4
42
-29
55
-25
0
-22
-25
60
-39
62
-20
18
-29
-10
26
-32
16
-30
24
-3
5
14
-24
4
-45
12
-4
17
30
-24
25
-64
6
-17
19
21
10
28
-47
16
-9
14
-8
3
-13
5
29
-17
9
-16
10
0
7
-7
-21
17
-3
13
-2
-14
8
-7
15
-12
-14
-14
4
5
24
25
-32
19
-15
-11
8
-25
-12
36
20
-9
25
-22
-19
16
-22
8
27
-21
34
15
-46
0
-3
-29
15
19
7
40
-16
-26
-9
-34
-14
28
17
17
11
-3
-36
0
14
-24
23
-1
-14
28
-6
-9
4
-23
11
22
4
0
-20
4
2
-24
38
7
-23
25
-23
-29
21
4
-6
16
-3
25
-1
-37
-3
-9
-11
24
1
1
6
-4
3
15
-9
-19
-2
8
20
-1
-5
-11
-19
8
16
12
22
-10
-25
3
0
3
-1
-16
10
30
10
-9
-34
-22
7
6
28
29
7
-10
-28
-32
-2
16
9
19
-4
-11
-1
-9
-7
-1
-5
-6
24
29
-7
-37
-18
-2
2
20
8
0
-1
6
-23
5
10
-12
17
7
10
2
-15
-23
15
-9
1
11
16
10
-4
-17
-12
-3
2
26
1
-4
-17
-9
-6
1
-2
2
25
23
-6
-19
-18
-7
27
6
-10
-8
6
-2
2
5
5
7
-5
-12
17
13
-10
-17
-6
-1
2
7
9
5
-14
13
-5
-4
-3
1
9
1
-5
1
-9
-26
5
16
9
17
6
-10
-11
-14
-12
-2
11
15
16
12
-13
-12
-11
-19
-7
10
34
19
-1
-13
-28
-15
16
23
-7
-20
2
18
-1
-3
-7
-8
0
8
13
0
-13
-6
4
-24
3
18
15
19
7
-27
-15
0
10
-1
13
30
19
-5
-17
-13
-23
2
10
37
13
-5
-29
-40
6
11
-9
3
6
-5
-18
-19
-5
-8
7
0
-2
23
11
-17
-12
-20
4
21
21
19
-6
-14
-34
-7
14
9
2
27
18
-7
-15
-38
-7
-11
10
35
18
10
-25
-25
-19
4
31
15
5
14
13
-26
-15
-6
8
17
35
39
-7
-16
-24
-13
4
2
13
34
-8
-13
10
-22
-12
-23
-9
15
16
17
-7
-24
-35
-8
4
6
11
1
-15
-19
2
10
-1
-11
3
14
0
-3
-16
-31
-8
12
13
2
6
4
-13
-10
-3
3
4
8
9
-6
-11
6
-3
-8
3
22
32
7
-20
-18
-18
-2
40
26
-2
11
-7
-36
-16
2
11
6
5
27
15
-10
-31
-27
-10
-5
5
30
17
-3
-20
-21
-28
-15
24
29
14
-3
-25
-18
-19
-26
6
16
35
37
14
-32
-40
-19
0
9
10
35
21
-3
-18
-20
-16
-2
18
13
22
10
2
-9
-17
-16
0
2
17
16
-8
-13
-18
2
0
27
40
5
-29
-29
-14
7
1
12
17
8
13
3
-9
-19
-26
-5
19
4
24
18
-3
-31
-21
7
5
-3
2
5
5
4
0
-10
-19
-3
1
0
9
1
-4
-8
-16
-7
22
16
4
-7
-13
-10
-5
5
9
4
19
11
-7
-7
-16
-2
13
11
23
-1
-21
-26
-7
8
9
15
21
19
-5
-3
-16
-22
-15
28
22
-2
-5
10
17
-17
-28
-7
6
-1
6
24
-8
1
-5
-28
-10
6
27
0
-14
-11
-17
6
21
13
7
-16
-9
-4
-3
-7
-5
5
-4
5
20
14
-13
-26
-26
10
32
18
1
-23
-15
5
11
2
-1
-6
10
0
-5
11
3
-14
-5
9
17
19
0
-30
-17
1
18
7
-6
14
6
11
0
-24
-32
1
39
28
-12
-23
-15
-3
9
9
-1
-1
-2
9
4
-9
-14
-4
-5
-16
17
10
-3
8
-10
-4
-15
4
12
-12
11
21
14
-6
-30
-27
-3
10
24
32
-2
-8
-9
-10
11
-5
-9
-7
8
22
5
-2
-13
-10
11
9
8
11
11
-14
-25
2
2
14
3
-15
-10
-10
-7
12
5
4
15
18
1
-4
-14
-28
-21
-3
30
21
9
1
-8
-22
-22
-1
23
24
19
-1
-25
-32
-22
16
12
8
4
9
12
-1
-14
-42
-24
33
34
7
-4
-5
-6
-29
-11
9
18
11
11
10
-3
-11
-18
-10
3
2
28
34
-3
-32
-30
-10
14
16
10
7
-4
0
-15
-20
-12
4
16
18
13
15
-15
-26
-14
-5
-3
9
28
17
-5
-10
-7
-9
-24
-5
21
26
11
-15
0
-6
-22
3
14
9
4
-10
-7
-4
1
6
8
17
11
-11
-22
-26
-3
15
20
9
5
9
-8
-18
-25
-14
13
20
39
0
-23
-16
-4
-3
-20
-2
23
21
27
4
-12
-22
-40
-16
6
23
32
24
14
-1
-4
-39
-37
-6
17
23
22
16
-4
-9
-28
15
0
-12
10
-1
-2
-3
10
1
-9
5
-1
-3
-15
-8
-5
7
21
4
-2
-27
-13
2
10
25
-1
-3
-6
9
8
-27
-24
18
15
24
16
-6
-28
-30
-4
36
27
5
9
-13
-16
-28
-14
-6
6
21
38
38
-8
-49
-42
-18
12
39
29
8
1
-4
-12
-22
-55
-31
15
65
107
57
-36
-142
-113
-29
122
151
76
-117
-157
-50
113
146
28
-160
-160
-35
207
252
83
-181
-333
-135
53
312
192
57
-278
-167
-105
227
140
115
-282
-171
-71
243
225
140
-154
-448
-78
92
474
237
-1
-703
-228
38
578
261
223
-503
-532
-9
308
390
-14
12
-241
-82
-136
60
85
246
218
-286
-510
-95
345
524
206
-508
-502
45
267
264
-42
22
41
-130
-236
-186
141
554
244
-512
-370
-62
401
263
-122
-192
-129
118
114
16
-93
63
-93
-99
-29
134
177
20
-106
-159
-1
0
12
71
87
26
-66
-84
-117
81
155
57
-60
-126
-49
54
35
79
14
4
-76
-140
10
131
172
61
-257
-200
55
162
137
-31
-51
-44
-39
-31
21
15
66
47
-32
-72
-20
39
19
-26
-25
25
51
1
-35
-25
-38
-5
63
65
8
-57
-62
3
17
24
-9
-40
53
35
-15
-42
-53
14
44
31
19
-42
-15
-1
-19
6
26
-1
-4
-9
6
31
-4
-9
-42
15
14
39
-27
6
-27
-42
91
-126
196
-89
20
-27
-50
55
-39
96
-79
59
-68
17
11
-34
56
-19
16
15
-40
30
-22
-26
25
-28
-11
13
28
-20
60
-16
11
-24
-128
40
-81
164
80
131
-122
-201
-102
4
128
92
145
-23
-51
-151
-96
24
-1
142
55
34
-26
-114
-64
-54
136
74
62
-77
-32
-135
-58
12
211
175
13
-198
-191
-3
64
123
-24
-10
32
64
58
-63
-175
-190
-15
317
292
49
-332
-172
28
123
-36
-123
70
153
173
-19
-155
-213
-90
93
143
56
18
2
71
-35
-104
-192
-69
134
189
118
-121
-11
-52
-100
-112
92
292
-12
-141
-107
74
45
-95
-35
-27
90
86
94
-79
-116
14
10
-29
-69
87
78
2
-22
26
14
-74
-80
-52
116
87
92
-151
-138
99
110
132
-297
-84
66
185
119
-129
-32
-125
23
33
110
-23
-57
14
19
29
-153
-18
78
155
65
-105
-130
-83
93
74
15
-139
88
142
145
-183
-282
-121
78
381
62
38
-332
-42
15
10
17
-95
206
72
16
-181
-85
33
135
-74
-82
-24
189
133
-129
-176
-132
241
108
173
-234
-105
-16
54
75
-73
65
-18
48
8
75
-77
-95
-79
45
102
107
-15
-116
-103
53
65
32
-50
-1
57
-28
39
-76
22
-35
-47
22
69
92
-11
-102
-80
5
68
81
-23
-54
-19
29
34
-25
-67
-4
36
91
20
-35
-74
-30
25
6
1
14
33
21
-27
-47
-10
-13
4
34
-3
2
32
-7
-9
-65
-23
34
50
32
0
-41
-16
8
-20
36
-11
17
22
-33
16
-7
-6
-5
-33
20
29
16
15
-28
-46
-7
22
24
9
-4
-6
6
-14
-18
12
-7
33
-4
-10
20
-34
-24
-15
24
37
11
4
-3
-28
-44
-21
2
16
42
37
37
-13
-93
-54
-3
38
43
30
36
7
-36
-72
-44
0
55
77
43
8
-36
-72
-56
-20
22
72
66
49
3
-48
-72
-60
-12
18
38
70
61
15
-52
-83
-59
-22
52
66
47
11
-16
-39
-48
-25
27
59
30
-10
-40
-34
-26
-9
14
38
39
29
-16
-41
-35
3
5
-13
1
26
43
13
-26
-41
-28
-6
19
36
11
7
7
-10
-49
-38
17
31
16
-3
4
4
3
-4
-13
-4
25
29
1
-4
-16
-30
-33
-9
45
56
16
-1
-17
-32
-14
25
27
6
-12
-27
-18
3
25
27
-10
-41
-20
22
39
28
-7
-34
-32
4
40
33
-10
-24
-27
-30
-6
11
17
38
29
-5
-42
-57
-28
18
47
39
5
-12
-24
-30
-6
-8
-1
24
35
36
3
-35
-30
-16
-23
1
43
47
18
-9
-30
-36
-24
24
36
5
10
9
-4
-27
-39
-22
17
43
32
7
-35
-34
18
-4
-12
-2
4
20
24
18
-26
-52
-6
26
20
23
1
-19
-14
-7
-1
15
1
-10
10
6
0
-3
-20
-21
-3
18
26
-7
-17
12
-6
-10
2
-6
-4
11
4
-7
-13
-8
12
5
10
19
-8
-25
2
5
3
-16
19
18
14
16
-6
-34
-40
22
30
-9
11
55
-28
-33
9
-24
-30
29
39
-15
9
35
-27
-63
26
-1
-44
60
47
-43
-29
-1
-14
-23
29
34
-12
24
28
-49
-70
1
26
24
40
26
8
-39
-32
15
-29
-39
53
70
-13
-22
17
-57
-71
10
67
14
8
54
-22
-59
-37
3
0
7
43
46
-4
-26
-42
-46
9
31
48
33
-5
-33
-10
-1
-10
-6
14
32
-5
12
17
-31
-28
25
-3
-1
11
6
-30
-11
18
14
-15
-12
-6
-11
4
21
4
-18
-19
-10
8
6
16
17
-10
-33
-29
-5
12
42
5
-17
-35
-16
20
15
3
-2
-12
4
0
8
9
-6
1
6
-4
-7
-4
5
25
-1
-5
9
-8
-5
4
16
0
-17
-8
9
-2
3
21
15
3
-12
-12
-17
-5
4
32
5
-19
-16
-9
-5
0
14
31
14
-5
-4
-40
-23
13
14
-10
2
17
24
-14
-4
0
-32
-9
0
12
9
22
13
-5
-33
-28
6
16
19
16
3
-17
-8
-6
-6
-1
12
30
0
-12
2
22
1
15
-13
-48
-27
-1
0
5
12
37
55
18
2
-17
-34
-17
-3
-1
16
7
-8
-35
-17
1
31
38
39
34
32
9
-21
-53
-64
-37
4
35
43
3
-25
-23
-24
3
36
43
44
18
-22
-41
-49
-43
-28
-16
39
45
40
27
-19
-16
-16
-39
1
23
15
6
-18
-18
2
18
15
27
32
33
16
-16
-44
-69
-30
16
55
53
14
3
2
-12
-30
-36
-22
2
15
11
3
-11
-19
-42
-23
6
8
32
40
4
-35
-28
-2
5
-2
17
6
0
2
-4
-10
-14
3
18
-9
-16
-12
-3
12
7
11
-3
-12
-9
13
-12
-24
-19
31
1
17
16
-11
-25
-16
19
14
13
9
13
3
-2
2
-1
-18
-24
-5
5
29
27
6
-14
-6
-4
-13
5
13
14
2
-7
-24
-20
-9
7
14
29
7
2
-10
-22
-17
-13
-2
15
13
-13
5
0
-1
-6
-9
6
23
11
8
-30
-9
-13
16
5
1
-5
19
4
-5
5
-17
-14
-10
21
15
-7
3
0
-29
8
15
27
3
2
-21
-27
-12
14
11
-2
19
18
-2
-15
-23
-5
2
34
22
-13
-24
-19
3
-5
2
-1
9
16
20
-17
-19
-34
7
29
6
-7
-13
2
-10
-6
-2
1
0
22
19
-2
-16
-15
-22
-4
-1
18
27
5
-10
4
3
-1
2
12
8
0
-7
-5
-28
-17
-1
11
38
32
23
-2
-32
-28
-12
-4
6
5
7
10
0
-12
-13
-30
16
31
17
4
-14
-7
-9
-17
3
5
-5
0
-5
-4
-6
4
12
3
5
8
6
-4
-1
-8
-7
-3
28
15
19
-8
-11
-32
-29
0
16
32
8
-4
0
-5
-25
-13
-2
6
17
27
-5
-10
-25
-24
-6
22
32
16
-8
-22
-16
-3
4
-5
28
17
1
6
-24
-6
-12
4
21
1
1
5
-4
-10
-9
-10
-6
4
-8
6
-3
0
-6
-18
-17
0
18
8
-5
-10
-6
-1
-7
35
-7
6
-6
10
7
0
13
-15
19
-30
29
-2
27
14
2
6
-35
24
-29
36
-3
19
-9
-33
13
-59
38
-29
52
14
-22
3
-66
28
-50
32
5
3
32
-33
33
-85
37
2
25
38
-74
55
-70
61
-2
-26
53
-82
86
-29
13
-7
-32
46
-43
34
-30
31
-15
-12
0
-23
10
17
-6
14
-8
-14
5
-50
60
-34
27
-4
8
23
-28
16
-44
26
-12
46
25
5
-18
-37
21
-30
7
6
19
17
-13
25
-12
-16
3
-25
24
-19
23
-11
-23
11
-1
24
-34
2
-29
-7
11
4
27
-18
-5
-27
19
-5
10
16
-19
10
-6
48
-11
-20
-21
-4
17
-4
31
7
1
-6
-11
-9
-7
23
5
7
-15
13
2
-12
8
-18
20
-23
31
-8
-2
-9
-19
24
-11
36
-11
8
-17
-5
22
-49
17
3
51
17
-20
-3
-54
21
-8
23
5
-7
32
-2
10
-57
6
-35
4
42
-6
55
-24
10
-33
-61
2
3
61
43
19
-9
-75
-66
-33
14
27
60
44
26
20
-42
-29
-75
-32
22
55
83
10
-21
-70
-62
-22
27
58
72
45
6
-35
-81
-40
-35
7
47
58
70
-18
-36
-61
-59
31
20
29
43
-11
17
-19
-38
-21
-18
26
12
13
8
-15
1
-15
-7
10
-6
30
4
3
21
-45
-4
1
-10
31
-4
-4
7
9
-15
-2
-11
-16
12
21
-4
15
6
-25
21
-18
-18
24
2
-18
17
-3
7
13
-13
-7
20
-15
10
-3
-40
43
9
13
3
-19
10
-31
3
17
-15
22
10
-2
12
-51
-10
4
0
30
34
6
-21
-45
-19
3
8
16
26
-6
-8
21
-31
-5
-30
14
52
7
13
-12
-43
-13
-5
3
25
16
7
-13
-17
4
7
-4
-11
3
22
-3
-13
0
-12
0
1
-7
16
7
-7
20
-8
-15
-10
-1
-1
-2
6
16
8
4
-2
-7
0
3
0
-6
-3
-14
18
9
12
7
-10
14
-38
10
0
0
34
-29
20
-23
-5
8
-18
19
-14
2
8
7
8
3
-21
-9
-12
-20
23
10
8
7
-6
-13
-27
-24
22
24
18
10
-1
-13
-34
-2
10
-6
22
16
6
-2
-20
-12
-19
19
27
7
8
-10
-20
2
2
-5
-2
-3
11
8
23
-13
-30
-12
-13
25
35
4
6
-26
-30
-9
-15
36
28
12
2
-22
-22
-5
1
10
22
8
6
-9
-6
-14
11
10
-8
-6
17
6
5
-9
-31
-13
5
23
4
0
7
-14
-20
3
-16
10
18
-10
20
-17
-37
1
-9
10
32
12
-13
9
-18
1
51
-84
-53
108
-13
70
90
-220
-26
151
-64
17
57
3
21
-47
-57
-38
42
154
134
-257
-224
194
27
16
263
-126
-476
134
293
-136
8
146
-70
-44
-47
-157
-42
102
297
229
-282
-493
-25
425
211
-118
-81
-175
-113
208
133
-113
-40
93
30
-103
-74
43
34
-1
-3
-3
-52
82
96
-96
-12
-91
-36
140
31
-38
-52
65
68
-67
-1
-87
-67
143
73
41
-106
-140
95
13
52
18
-78
89
-42
-48
26
-40
63
4
43
-35
-77
71
-3
23
-43
-38
21
14
55
-8
-55
-40
12
60
16
-81
19
82
-58
-26
-30
40
41
-50
29
54
-53
-44
-1
61
7
-7
-35
31
-43
-6
-21
180
-30
-349
377
-101
-21
51
-141
194
-184
16
107
-20
1
24
-12
-78
-90
33
191
-172
97
103
64
-109
-526
410
-42
139
110
-155
251
-248
-59
-194
-61
302
126
-18
-11
-6
70
-254
-140
185
62
301
-516
245
-31
-109
212
-402
315
-65
192
5
-173
109
-270
-7
35
142
138
-56
84
-145
-171
-25
15
103
106
-59
249
-192
116
-296
-265
348
-191
556
-214
47
-50
-281
141
-144
171
-17
-43
149
73
-3
-146
-172
93
-12
25
113
10
112
-78
-239
144
-249
197
-70
117
371
-576
319
-374
271
-8
-167
387
-283
258
-301
37
17
-94
150
-58
179
-141
-29
-1
-100
159
-86
340
-388
91
-34
-19
151
-247
313
-240
130
-186
96
107
-64
40
-142
155
-105
74
20
-42
0
-102
24
13
50
20
26
27
-87
-23
-13
33
-13
-5
96
-16
-25
-57
7
8
54
-22
-16
-16
12
55
-49
15
-32
35
2
7
28
-22
-40
21
-7
-30
-14
96
33
-78
0
-39
56
-91
106
-27
161
-272
63
15
-51
140
-184
304
-187
22
-60
-22
56
-53
135
-57
-17
-30
-5
62
-21
-67
74
-17
15
24
-60
66
-76
-14
57
-97
140
-54
9
87
-160
102
-85
-61
192
-104
161
-80
-133
178
-256
171
-6
-60
215
-182
151
-102
-160
176
-136
175
26
-185
234
-219
112
40
-295
247
-129
142
109
-275
220
-63
-17
-103
-210
292
166
32
-244
-113
68
194
-110
-42
-76
59
208
-194
155
-160
43
43
-186
245
-76
33
-38
-213
205
-20
49
33
-145
136
-26
-53
91
-177
60
57
-19
141
-178
-26
48
-34
143
-44
-30
59
-108
131
-71
-51
-28
-108
219
-39
117
37
-129
72
-285
47
70
47
182
-53
61
-26
-252
-199
11
106
338
44
11
5
-163
-104
-173
-46
95
127
150
55
-110
-150
-90
4
40
131
159
54
-177
-347
8
6
85
209
-6
359
-197
-237
30
-335
324
-127
161
240
-113
169
-232
-116
-58
-50
123
135
64
76
-168
-94
-65
-44
100
48
111
19
-104
-65
-41
-15
68
3
37
47
2
-63
-10
-98
103
-30
84
-11
75
-120
-121
28
-89
285
-142
172
-105
14
10
-158
104
-142
147
-23
35
37
-55
13
-95
40
20
9
57
-43
74
-56
-54
19
-30
54
-20
-9
69
-17
14
-29
-56
26
-10
64
1
9
-31
-10
-19
12
27
-7
49
-47
44
-77
0
-4
46
39
-55
37
-55
68
-48
-4
-8
11
31
-9
-8
-21
-8
-17
-14
32
28
16
-91
27
31
50
-88
-58
94
35
25
-195
83
3
110
-38
-48
34
-46
69
-50
-37
-30
13
104
6
-28
-29
21
46
-78
-68
-42
187
61
40
-179
0
5
-33
3
-43
177
20
31
-99
-12
-62
-11
-12
22
108
-8
108
-155
15
-46
5
9
-138
155
22
128
-135
-76
25
33
47
-154
54
53
97
-38
-159
65
-43
109
-112
40
114
-27
7
-261
84
57
30
32
9
155
-59
-292
-43
-30
193
30
120
278
-125
-141
-426
-11
-34
135
358
194
122
-444
-80
-119
19
-1
-5
334
12
175
-142
-174
-231
-124
195
125
140
35
-5
-120
-72
-38
55
22
39
81
-72
-71
-67
75
81
5
-21
-88
-55
7
69
143
-46
-97
-49
-51
62
26
80
92
-57
-113
-158
-29
140
141
65
-24
-24
-71
-98
-67
38
72
120
68
13
-76
-236
-56
54
101
183
38
-37
-20
-162
-112
2
14
136
178
-11
-23
-39
-208
-9
48
11
173
28
-91
58
-100
-141
37
-4
129
138
-88
-6
38
-64
-19
-63
-64
62
67
42
26
-84
-107
7
99
62
2
7
-71
-41
-20
-39
44
31
-7
55
31
-41
-15
-32
-26
65
10
-46
16
-19
-20
37
-34
21
91
-11
-24
-5
-96
17
28
-30
71
23
-74
26
12
-43
31
13
-30
68
19
-33
-3
-56
-29
0
49
8
10
43
5
-16
-25
-22
8
10
34
-21
-8
-5
-40
-1
24
-14
27
37
5
-39
6
-12
-7
20
-27
-3
17
-25
3
10
-16
-5
21
4
-3
-6
-32
1
12
4
35
2
-10
-5
-11
-13
-7
-15
20
36
6
33
-27
-15
-18
-16
-16
0
27
31
48
-12
-13
-28
-15
-11
-42
32
-3
37
38
-36
42
-39
11
-3
-39
34
-50
2
-6
3
44
-13
31
-6
-9
2
-20
-1
-2
-31
35
24
-36
22
-44
11
11
-27
48
0
-3
36
-50
12
-40
-13
35
-46
64
-7
16
16
-36
18
-25
-19
28
2
31
-2
-31
18
-54
29
-4
0
22
11
47
-14
-24
-28
-34
17
11
24
6
1
-4
4
-38
26
-19
14
10
-21
19
-4
-13
12
-12
15
13
3
-7
-27
-36
15
-7
39
6
-3
2
-10
-16
-7
3
3
-13
-13
2
13
14
-3
9
-5
-1
2
-6
12
-1
-6
25
-1
-31
-1
-26
34
16
2
12
-7
9
-8
-20
-2
8
-8
-1
0
26
-10
-2
11
-15
4
-5
-16
13
4
6
0
5
-9
-23
-18
-18
10
23
37
10
1
-19
-54
-17
-5
2
2
15
30
23
3
-13
5
-14
-4
-3
0
-14
-13
-10
-26
10
23
17
6
16
5
4
4
-3
-10
-13
-1
-3
10
3
-9
1
0
17
23
4
4
-31
-11
-3
-17
1
2
7
17
8
4
-5
-21
-5
10
-5
-7
4
19
12
-9
-18
-13
22
32
19
-1
-16
-26
-20
-2
16
17
7
0
-6
-9
-17
-20
8
24
17
9
10
-1
-9
-24
-31
7
22
24
22
6
-24
-50
-12
11
-1
26
33
17
-6
-10
-18
-21
-11
4
29
31
-2
-22
-14
-13
-11
8
19
14
13
6
7
-23
-42
-5
13
3
9
11
1
-1
13
-4
-13
-17
-2
19
12
3
-19
-18
13
15
7
3
-5
-3
4
-12
-14
6
4
5
-4
10
-1
1
-12
-6
-5
0
22
7
-2
-18
-19
7
8
-8
-5
11
41
28
8
-8
-20
-40
-15
3
-3
-6
3
20
19
24
2
-6
-17
-18
-5
-13
-7
9
9
2
-13
-2
-2
-5
17
-2
16
15
7
-7
-14
1
-3
17
5
17
-8
-24
-10
18
-6
-19
2
6
5
20
16
1
-3
-17
2
-4
-9
-21
-8
21
11
10
3
-24
-9
6
15
9
-5
-6
-3
3
11
5
8
-16
-18
0
-15
1
6
26
14
-9
-1
-24
-14
0
-15
8
18
8
13
8
-5
-6
-13
-16
-2
10
7
-1
2
-19
-11
15
16
12
8
5
-6
-9
3
13
-14
-32
-21
8
28
9
18
-8
-9
-9
19
8
9
3
-2
-36
-21
-10
9
4
21
44
16
-11
-24
-20
-22
-17
9
25
14
6
-2
-13
-13
-11
-2
23
23
2
-17
-10
-27
-9
-5
14
36
24
-13
-32
-18
6
8
5
2
-8
4
-7
-9
8
-2
4
-8
12
32
5
-35
-21
-15
19
15
5
16
4
3
7
-19
-15
-15
9
26
15
-2
-8
-15
-8
-6
-5
29
14
7
-3
-4
-21
-25
-19
13
32
27
12
-18
-36
-8
0
40
22
-3
-5
-25
-23
-24
-13
20
23
32
19
-7
-30
-27
-16
-6
28
16
21
-12
-24
-9
-9
4
5
8
16
5
1
-19
-14
-6
12
10
13
18
7
-8
-15
0
0
-12
8
21
-1
-7
-18
-8
9
17
20
-2
-16
-13
0
8
-8
-2
3
-10
-10
5
-1
-2
22
6
11
-6
-16
-12
-13
-4
-7
9
10
8
10
9
5
3
5
0
-27
-11
-3
-3
-5
-4
1
7
23
27
20
-7
-24
-31
-16
-16
-14
-8
8
25
29
12
-2
-4
-2
-14
-10
-2
2
-4
4
21
-14
-18
10
39
22
12
12
-20
-29
-34
-12
1
16
16
16
7
-5
8
-6
-8
7
-2
-2
0
-9
-12
-18
-5
15
33
20
-7
-15
-24
-20
-13
-3
4
-4
-5
6
6
15
11
-10
-3
-6
6
9
-7
-9
-11
-4
-11
-1
-1
25
22
21
5
-22
-20
0
20
19
-4
-5
-10
-10
-6
-8
0
18
26
15
4
-24
-12
-3
0
-11
10
8
9
10
-4
-8
-40
4
30
24
-3
0
-6
-11
0
-24
6
18
24
21
-3
-27
-29
-31
-16
7
23
36
17
-1
-6
-25
-28
-14
7
27
16
6
-25
-29
-44
-21
29
43
48
19
-5
-11
-35
-38
-30
2
37
23
47
25
-29
-46
-40
-13
24
35
52
44
-8
-32
-53
-57
-11
26
52
51
14
-11
-39
-41
0
24
15
5
-2
-9
8
-4
-18
8
0
1
6
-14
-6
-14
7
6
1
27
14
-17
-22
-17
-14
6
14
20
-21
-11
8
-14
5
-18
6
10
-4
1
0
3
-20
-24
-16
-28
19
41
56
32
-18
5
-24
-32
2
-4
14
5
-15
26
-21
8
29
-20
62
4
8
60
-71
-17
-13
-60
29
-45
-5
62
-3
57
40
-51
5
-21
-52
30
-37
1
23
-10
11
5
11
11
-7
-21
31
10
-13
21
-44
-26
35
-7
2
-20
-1
2
-27
49
-11
-31
61
-18
-30
36
-19
13
32
-47
-7
4
7
43
-36
-29
20
-49
29
23
-58
33
23
-7
57
7
-60
0
-12
-25
36
23
-15
34
-7
-32
26
-16
8
42
-39
10
55
-69
21
25
-82
38
-7
-25
87
-45
-19
37
-57
52
8
-68
63
-7
-41
72
-57
-21
51
-58
35
-13
-64
93
-17
-11
60
-95
57
10
-64
104
-89
3
93
-134
94
8
-74
126
-116
13
71
-95
93
-40
-15
86
-99
42
-36
-68
106
-54
45
94
-99
24
18
-86
-1
22
-5
32
12
-37
19
-31
9
54
-72
103
40
-139
157
-96
-142
216
-154
-6
207
-204
71
75
-224
125
10
-63
137
-64
18
30
-82
6
-52
29
-4
-57
125
-80
15
119
-158
83
2
-70
153
-107
9
38
-111
91
-4
-86
94
-27
-37
81
-71
17
58
-36
35
44
-68
58
-14
-95
69
-33
-1
50
-52
44
-20
-9
41
-77
57
1
-9
38
-69
-6
-35
-27
65
-22
39
43
-27
48
-76
14
11
-97
65
-14
32
53
-31
23
-56
-5
31
-56
52
-27
13
29
-44
39
-23
-25
19
8
1
42
-16
-25
0
8
-42
23
-8
-27
51
-33
35
44
-48
44
-23
-52
51
-47
-5
46
-15
15
33
-43
33
-29
-8
29
-3
49
-22
-5
-3
-56
3
17
-17
48
-3
-17
16
-7
-42
10
-14
14
54
-26
6
1
-61
5
19
-12
36
5
22
-27
-21
34
-26
-24
30
-9
-13
60
-40
-12
20
-19
10
-4
9
-4
13
13
-32
-5
2
-21
35
22
-21
28
-17
-40
17
-11
-13
20
28
-7
-9
10
-8
-4
-1
-11
0
30
-17
-6
37
-28
-9
29
-2
0
9
-29
-14
24
-10
-30
22
12
7
30
-17
-45
-14
11
-6
22
32
-24
7
8
-73
-19
65
11
8
18
-18
-25
-2
2
-7
1
12
20
12
-9
-14
-10
-5
-11
12
27
9
-1
10
-32
-41
35
20
-20
21
22
-16
-18
-7
-19
-3
33
26
-13
0
-3
-8
-3
-22
-15
8
24
28
16
-29
-20
-20
-12
9
10
22
36
2
-29
-18
-13
-7
20
10
-7
3
11
-17
-18
-2
-7
14
30
2
-8
-16
-32
-7
14
7
11
6
-14
-6
-9
-2
22
19
0
-2
-15
-21
4
19
6
3
6
23
3
-19
-20
-6
5
21
27
-5
-3
13
-14
-26
5
9
-3
1
14
10
-9
-24
-11
6
13
0
-12
21
24
-13
-14
-22
-7
15
9
0
7
-5
-15
-15
6
20
12
1
8
-16
-29
-4
-17
7
31
3
25
13
-28
-16
-9
-23
9
15
1
36
13
-12
-8
-13
-32
-15
25
26
29
2
-23
-7
-13
-9
23
2
6
3
-22
-7
22
9
6
-3
-33
18
2
-16
24
3
-24
20
7
-26
23
-22
-27
59
-16
-18
45
-23
2
6
-56
21
18
-40
65
-20
-41
83
-52
-50
80
-62
-19
114
-78
-19
107
-90
-3
89
-135
24
81
-113
76
77
-77
32
-18
-79
46
6
-2
72
-24
-45
33
-12
-20
12
-10
36
27
-54
28
8
-65
57
22
-49
28
-7
-23
47
-19
-5
-7
3
-10
23
-6
-30
20
-21
10
24
24
-46
16
12
-68
74
-38
7
-30
1
26
-4
41
-42
25
-48
14
10
14
25
-85
57
-24
2
45
-47
26
-49
32
14
14
6
-49
27
-10
14
-20
11
-11
7
24
-22
17
-11
25
-37
30
-58
26
19
-14
43
-19
11
-27
-16
-3
3
2
33
-11
-5
28
-9
-12
-39
-17
60
-15
13
26
-3
-25
-46
49
-14
-19
15
36
-16
-42
53
9
-66
-11
29
24
-28
12
50
-36
-54
10
45
-24
-21
73
5
-107
31
18
-5
39
-59
51
9
-71
60
2
-42
28
-7
35
2
-79
28
42
-46
25
35
-27
34
-29
-49
33
-20
-32
84
3
-42
62
-36
-36
22
-85
53
73
-72
75
32
-117
32
-9
-70
74
36
-7
75
-65
-101
65
-44
8
108
-103
16
135
-129
1
39
-141
120
79
-134
92
-33
-103
122
-39
-21
106
-91
-4
67
-130
47
85
-83
65
-1
-89
78
-8
-55
82
-31
-43
82
-29
-31
67
-65
-52
83
-38
6
93
-61
-2
18
-90
39
41
-25
35
-42
-15
74
-33
-38
3
-14
53
23
-15
10
-49
-37
25
42
-20
-11
25
5
26
-14
-63
7
26
5
19
-7
10
11
-48
-17
10
17
51
-16
1
-14
-37
17
-8
-10
21
53
-3
-25
-36
-17
17
-22
35
24
-4
3
-19
2
-27
-18
32
6
-11
19
11
-18
-4
-4
11
5
-24
15
5
-5
19
0
-6
-26
8
25
10
13
-12
-34
-12
8
22
12
-15
3
15
-11
10
-3
-38
1
23
16
-4
3
-8
-3
3
-16
-14
6
25
16
0
-22
-10
-13
0
30
7
-23
-3
0
-4
8
7
12
-7
-5
7
-6
-11
-4
-3
-4
20
22
-2
-7
-11
-32
-21
23
37
21
-4
-25
-16
0
-6
-8
5
23
10
-5
-9
-19
-4
7
13
6
4
14
13
-15
-24
-10
1
11
10
8
12
2
-6
-18
-13
-1
22
22
-11
-4
8
1
-19
-28
-4
11
18
21
4
-20
-24
7
14
-8
-5
12
12
-14
-15
10
1
10
-1
-2
-6
-5
7
4
6
4
-4
0
-9
-12
-14
-5
14
18
21
-6
-11
-32
-2
17
-11
3
8
17
32
13
-36
-34
-29
0
31
35
20
-6
-20
-3
-10
-19
-9
11
27
0
6
4
-8
-27
-16
13
13
12
11
-10
-10
-9
-14
17
-5
0
14
12
-12
-12
-14
7
18
-2
0
5
7
-8
-19
-20
8
16
12
-4
5
12
-3
-14
-22
-3
19
14
2
13
-21
-24
5
-3
3
15
8
26
1
-25
-19
-39
17
19
5
4
15
5
-14
-21
-8
0
10
25
11
7
-7
-19
-17
-14
-3
25
21
20
1
-22
-16
-18
15
17
16
-4
-4
-5
-10
7
-7
8
4
9
12
15
-16
-19
-14
-10
-1
29
19
11
-17
-32
-19
6
26
-5
-2
-11
14
11
-9
-16
-27
7
16
28
-3
-12
-12
-9
6
0
6
8
6
10
-3
-5
-9
-5
-2
-6
9
21
9
-22
-8
-5
2
8
6
13
-10
-25
-4
-6
-3
13
15
23
-7
-23
-12
-11
4
20
17
-5
-6
-5
11
3
-16
-21
9
14
32
-1
-30
-7
5
12
-4
-3
5
-5
-15
11
10
0
-2
-2
1
-4
-3
1
-14
-12
12
32
4
-15
-9
-13
0
9
16
-13
-16
-4
21
7
-16
-7
-9
5
7
32
11
-15
-23
-25
-9
4
14
28
19
-7
-1
-5
-8
-4
-7
-4
9
0
11
-12
-28
2
4
23
5
-9
21
16
-33
-17
12
-19
9
70
5
-69
30
14
-77
-17
31
-19
25
68
-7
-34
-20
-45
8
42
-27
27
50
-48
-2
58
-62
-40
45
-17
9
64
-30
-12
38
-64
-14
69
-33
-26
73
9
-64
19
25
-33
13
-5
-30
53
11
-60
37
-13
-61
93
13
-120
32
36
-86
67
84
-115
16
114
-96
-55
67
-94
-25
158
-23
-122
142
83
-200
48
99
-129
29
92
-102
16
91
-134
-34
88
-25
39
115
-77
-61
72
-45
-51
37
-13
-29
35
26
-45
12
48
-14
-18
33
23
-42
-4
22
-45
-22
35
-19
10
38
0
-8
22
-4
-30
-9
-8
2
13
-2
-4
8
-22
6
9
-7
30
26
-26
-29
-10
-16
23
17
-33
18
45
-39
-36
63
29
-69
-11
38
-46
-54
75
43
-38
-21
8
36
-3
-58
33
21
-86
19
75
-28
-36
28
7
-35
0
40
-4
-7
30
-21
-5
0
-23
1
19
-5
30
57
-13
-47
-18
48
-35
-22
31
25
12
-3
-22
-9
17
-13
30
-13
-34
20
0
-47
-6
19
2
-9
38
28
-66
-27
22
4
-18
4
20
1
-38
-18
66
24
-33
18
47
-33
-33
23
-15
-25
4
28
-18
4
37
0
-32
-9
13
-18
-2
18
2
-31
4
15
-29
-1
24
6
3
11
15
-31
-13
4
-9
-7
6
59
-34
-23
-15
-9
31
14
21
-14
13
-8
5
-8
-15
-19
0
4
5
44
0
-2
-29
17
-19
4
45
-17
7
-28
-9
-20
-49
84
-21
-6
87
-82
40
-11
-61
58
-79
18
62
-39
53
-16
-38
42
-43
42
-1
-6
58
-79
36
-12
-15
66
-41
49
-6
-24
-6
-29
20
-26
64
9
-46
43
-62
14
13
-36
52
-86
55
18
-104
115
-88
2
57
-105
129
-49
-28
87
-120
43
19
-55
65
-6
14
45
-25
1
-15
-27
56
-26
9
37
-72
45
-33
-40
60
-22
74
1
-40
25
-60
9
-29
-22
59
-13
50
-6
-81
60
-19
-8
83
-81
32
38
-84
66
-48
-19
66
-43
68
2
-32
12
-41
20
-40
-1
57
-40
44
-14
-76
51
-47
22
93
-77
25
6
-89
41
-7
-30
61
26
-86
85
-20
-119
167
-100
-13
179
-222
107
85
-262
207
-48
-171
298
-111
-78
211
-166
-20
100
-110
8
135
-116
-26
170
-186
37
144
-205
113
58
-178
164
-37
-133
152
-32
-76
161
-71
-88
129
-101
-54
179
-125
-42
188
-203
33
180
-219
90
123
-239
176
21
-186
200
-96
-121
200
-100
-15
128
-89
4
62
-64
-15
33
-38
23
26
-10
-18
7
-32
-34
59
-24
5
68
-66
11
35
-64
32
-1
-41
48
2
-12
23
-41
-7
40
-29
-3
64
-25
-31
35
-62
-11
59
-11
48
-3
-58
28
-5
-47
33
-5
-6
14
-21
24
11
-49
30
22
-38
40
4
-33
-43
27
-29
50
-19
35
10
15
-17
1
-35
-3
7
29
15
-6
22
-30
-22
-1
-14
43
27
10
24
-19
-23
-16
-30
1
23
2
34
-9
-15
4
-20
10
-11
-15
9
3
-9
6
-12
-8
7
-25
-3
29
20
12
-18
-16
0
6
-13
25
16
-3
0
-17
-13
-13
-2
4
13
10
15
-5
-8
-4
-15
8
19
20
12
-19
-53
-13
5
17
26
6
14
8
11
-25
-21
-30
5
-1
58
18
-33
-16
-2
-14
-3
16
9
28
-17
-9
-6
8
-22
-16
2
-1
7
23
-20
-32
23
3
12
7
-13
-20
5
-17
2
16
-8
-19
23
8
-19
28
-9
-47
13
45
-9
10
-1
-39
-11
34
-9
-23
21
16
-3
14
-12
-40
9
34
-17
1
24
-8
-6
3
-18
-1
27
7
1
-2
-12
-7
13
-18
-25
45
36
-24
-11
-2
-20
1
0
18
26
-17
-22
-7
-18
-3
32
20
4
-12
-3
-17
-23
3
13
-16
8
33
7
-10
-14
-26
-20
15
28
13
-3
5
-14
-22
8
9
-9
17
4
-5
31
-22
-44
11
7
22
23
-21
18
-22
-25
13
-26
19
31
-5
28
-2
-30
3
-24
-1
18
4
25
-3
-22
-2
8
11
-5
-3
-7
9
25
-8
-17
-20
-15
21
9
18
28
-35
-30
5
-1
0
3
-12
15
8
10
2
-30
-26
6
23
13
1
-5
-22
-10
26
25
11
-16
-9
4
-6
-7
-2
-20
-5
12
26
28
4
-7
-29
-14
2
-1
18
12
-3
8
-1
1
-2
-11
7
-7
4
5
-5
11
-6
-9
3
3
7
1
-12
-15
3
12
-2
4
13
0
-24
-1
8
7
-10
-2
8
3
8
2
-12
-4
-3
-1
-4
1
-2
-8
23
8
14
-4
-26
-37
7
21
5
7
8
-8
-7
-9
-3
7
2
13
-3
-5
5
-15
17
13
-17
-1
5
0
-9
1
22
11
19
-10
-20
-24
-4
45
-14
-8
40
4
-22
-9
-6
-34
-12
67
3
-36
17
-33
1
5
-11
-14
-3
35
-5
-5
9
-47
30
-35
23
-31
12
39
-2
-13
-5
-22
26
9
-39
60
-51
50
-48
28
-23
-16
76
-35
18
-36
36
-49
11
36
-64
117
-100
56
-28
-24
31
-74
136
-120
90
-28
-72
108
-146
148
-85
55
-14
-34
80
-118
83
-40
23
-13
22
-2
-12
23
-64
54
-42
52
-33
39
-17
-39
41
-50
61
-61
51
-21
-1
2
-1
2
-8
7
-19
42
-33
19
-14
-11
23
-28
18
25
-3
37
-81
40
-23
-3
5
-13
59
-42
55
-58
27
-34
10
5
-1
31
-32
40
-44
28
-30
6
20
-10
30
-10
-16
19
-7
0
-33
21
3
0
11
-14
30
-29
28
-36
-3
-10
-3
44
-12
-4
-35
25
-10
14
2
-5
20
-10
-10
-32
-1
0
20
7
12
7
-8
-10
-31
2
8
14
10
23
7
-22
-25
-30
8
4
43
32
14
-25
-57
14
0
-13
38
-6
16
1
-22
2
-12
6
32
-3
-33
32
-31
5
11
-33
29
12
-20
39
-34
-18
21
-37
28
12
-16
21
17
-48
33
-29
-22
37
-2
20
4
-47
5
20
-10
9
-5
14
0
-8
-18
-27
-5
35
29
20
-27
-30
4
-38
13
4
-11
54
42
24
-1
-83
-77
-8
-8
68
74
19
16
-46
-59
0
3
28
89
22
1
-30
-118
-50
16
48
117
54
-36
-16
-69
-29
45
24
25
14
-57
-1
-20
-66
12
10
29
72
32
-29
-58
-111
-43
59
47
56
53
-46
-65
0
-45
-20
34
6
49
35
15
45
-66
-95
19
-22
27
80
2
25
23
-51
-28
-57
-30
89
50
17
5
-66
-32
35
-9
22
33
-23
-6
-20
-59
-4
21
28
66
19
-23
-19
-32
-31
16
10
16
25
-9
-10
9
-18
-3
-1
-17
31
26
-8
3
-30
-28
-6
-6
35
29
0
-5
-12
-14
2
0
5
3
-6
16
-5
-21
-12
10
13
4
-4
-6
8
11
-2
-18
-2
7
5
12
4
-7
-8
-9
-4
-13
12
27
4
-2
7
-23
-21
-2
17
7
-7
24
26
3
-34
-48
-20
8
33
41
39
-5
-28
-43
-24
-9
8
22
34
35
19
-43
-53
-32
-18
18
35
44
31
10
-34
-39
-24
-19
25
10
15
5
-40
-21
-1
35
40
47
10
-73
-53
-25
23
24
17
34
-8
-13
-8
-17
-5
5
29
32
-8
-24
-16
0
-12
8
27
3
-25
22
37
-9
-13
2
-11
-27
1
18
21
9
4
-22
-21
-9
-10
17
-5
-5
7
-9
-41
-33
23
26
25
24
-4
-35
-44
-22
9
8
6
24
7
10
5
5
1
-24
11
8
15
51
1
-24
-59
-34
14
21
42
13
31
23
-14
-26
-20
-28
-21
16
-4
5
0
24
-12
-2
-4
11
31
-25
33
-17
-8
-16
-12
11
-41
2
32
1
21
15
-9
11
-25
-12
12
-20
-22
23
-10
36
-13
-7
24
-51
31
-22
-34
15
4
40
14
-44
-8
-1
-26
10
-11
8
29
1
23
-18
-30
35
10
-8
-5
-1
24
5
-15
11
1
-4
33
8
-8
-26
-22
43
-1
-3
34
-3
11
-16
-17
15
-33
-9
20
-6
34
-16
-20
9
-52
15
12
-40
52
1
-35
41
-47
-12
39
-46
24
28
-29
51
-8
-46
13
-48
1
60
-12
7
6
-20
-1
-24
-1
22
-1
18
5
-17
0
-4
-2
-11
4
48
9
-12
-2
-6
-7
-3
17
32
-4
-28
6
2
-14
12
35
30
9
-30
-20
-42
-57
-1
44
59
54
7
-30
-54
-58
-23
-3
25
58
42
-7
-36
-40
-28
-28
-3
65
54
29
-4
-43
-57
-82
-21
40
52
60
38
9
-37
-62
-43
-3
25
24
45
43
5
-29
-50
-43
-26
11
39
47
32
23
5
-41
-36
13
17
-4
-29
-22
1
5
43
67
13
-35
-57
-54
-13
32
50
34
-18
-25
-9
0
-6
1
6
8
17
23
11
-15
-21
-26
-12
-1
24
27
1
-13
-13
4
-19
-29
-9
10
38
17
-8
-15
-21
6
-3
-10
-5
5
24
11
-14
-26
1
5
1
18
4
-7
6
17
14
-9
-6
-7
7
-13
0
29
1
6
-4
2
0
-7
15
3
-24
-13
2
6
10
5
7
-9
-26
-12
14
7
0
0
-8
2
17
-5
-28
-27
6
35
15
1
-7
-7
-16
-12
4
2
-1
14
4
3
2
-8
3
8
-8
-20
-7
17
10
-10
-9
-9
1
9
27
10
-15
-5
-6
5
21
-3
-7
-10
-10
9
-1
1
11
2
14
19
-3
-11
-15
-2
-1
-4
13
19
-2
-7
-22
-19
-2
8
18
11
-2
0
2
-27
-21
-25
7
20
18
16
-7
-8
-32
-31
-9
14
38
43
37
2
-47
-67
-55
-6
38
56
53
29
-19
-33
-61
-48
-3
29
70
74
31
-25
-71
-65
-38
5
43
65
51
4
-4
-20
-49
-52
-19
34
58
66
37
-14
-64
-81
-44
3
53
90
63
-8
-67
-84
-56
4
60
77
61
-12
-62
-93
-71
6
74
87
32
-15
-48
-69
-72
-24
32
95
101
28
-51
-92
-68
-21
18
10
37
58
51
14
-68
-75
-31
19
47
66
30
-6
-22
-35
-45
-38
21
53
79
48
-3
-10
-47
-51
-19
-3
30
34
0
-15
-17
-2
-1
14
36
25
0
-36
-19
-42
-30
-4
23
32
9
1
5
-7
-13
5
8
13
-3
-20
7
7
9
0
-41
-36
5
16
17
23
-5
15
-14
-20
-2
-20
14
-5
-1
14
-7
14
12
-18
-30
-13
-6
4
23
16
22
17
6
-25
-38
-24
1
37
29
13
-15
-28
-12
20
47
24
-72
-24
20
42
32
-36
-28
-12
0
25
-2
-33
39
37
-1
-54
-59
18
73
45
-35
-71
-35
48
52
-1
-31
-21
37
18
-13
-7
2
-14
-25
12
30
44
-9
-41
-27
-10
37
38
-4
-29
1
21
5
-48
-46
-7
45
51
-1
-15
-18
-20
-30
-19
2
37
55
44
-28
-67
-59
-11
42
66
66
28
-18
-46
-43
-34
1
13
42
63
15
-11
-52
-67
-30
14
64
45
3
-31
-20
-33
-34
-15
-2
25
41
49
7
-36
-66
-41
-9
39
41
24
2
-27
2
33
-9
-33
-24
15
42
36
18
-27
-34
-2
8
16
2
9
29
7
-6
-50
-45
-1
35
52
25
-16
-30
-58
-22
29
39
25
-10
-43
-23
3
14
20
2
-36
-22
9
40
32
-18
-21
-24
-15
-3
33
26
6
-13
-17
-3
-3
24
19
-4
-13
-4
-31
9
47
-18
-18
17
-8
-13
11
-8
-10
0
25
2
-21
14
-4
-26
-3
7
-8
23
39
-20
-16
-4
-5
3
3
1
4
19
4
-14
2
-16
-6
20
-12
0
21
-10
-3
14
-40
-12
57
-34
-12
53
-59
21
17
-47
36
-37
30
42
-66
49
-23
-70
41
21
18
25
-12
-31
-7
-32
55
17
-36
65
-57
-12
23
-30
45
-22
-1
32
-5
8
5
-52
-7
26
-33
38
0
-4
34
-35
-8
-5
-20
3
26
12
-9
-8
-26
5
3
-5
29
-10
18
3
-43
18
-32
5
39
5
7
-4
-5
1
2
5
25
1
-30
-19
-11
-2
1
7
13
24
1
22
5
-30
-17
-37
-8
6
10
26
36
1
-12
-17
-15
6
8
11
3
-16
6
-2
-2
21
17
17
8
-19
-23
-30
-2
10
-1
11
0
11
-4
-5
12
7
-10
0
-14
-23
-18
-5
18
-1
0
-1
12
16
11
-1
-16
-21
-6
11
-6
8
-3
-9
0
-2
15
-9
6
10
2
15
9
5
-21
-34
-9
17
21
12
-5
-21
-7
21
19
-7
-14
0
-1
15
19
-14
-26
-30
11
1
19
29
-9
-12
-4
8
-8
-23
7
29
4
6
-9
-24
-8
-4
-7
15
33
18
-13
-25
-21
-7
-8
2
20
7
-5
0
-4
-14
-18
15
21
7
-30
-4
-4
13
16
-13
-9
7
25
-3
-7
3
-9
-7
12
12
15
3
-11
-2
-3
8
12
-4
-3
7
-9
-11
15
18
-16
-11
-1
-4
-5
-3
17
-8
-11
-12
11
3
-4
-24
-11
4
4
22
-9
-5
17
-15
-24
-1
0
-5
23
17
-13
-6
8
-11
-23
2
25
23
14
-4
-32
-28
-5
15
22
13
21
-2
-24
-34
-23
-21
10
55
63
25
-18
-38
-73
-59
15
59
73
54
2
-37
-84
-69
-33
17
87
117
91
26
-61
-120
-123
-66
45
105
121
84
-6
-73
-114
-99
-39
29
87
85
58
-6
-67
-97
-63
-13
37
42
51
13
-25
-17
-42
-53
-27
30
81
73
24
-15
-62
-49
-23
2
29
49
58
14
-63
-73
-43
34
99
86
50
-32
-67
-90
-54
16
49
83
66
31
-13
-76
-67
-43
-10
40
83
76
12
-46
-92
-66
-10
53
61
43
-2
-34
-28
-13
2
-7
11
-7
-15
2
-8
-21
-4
21
41
23
-8
-30
-46
-35
-23
0
23
3
26
28
-20
-21
-12
-10
3
14
6
24
24
9
-22
-33
8
11
5
26
18
26
25
-30
-37
-23
10
13
13
18
7
-17
-8
9
20
1
11
2
-24
-7
-3
9
1
19
12
-10
-13
2
-3
-18
10
19
-18
-8
-4
-20
-11
-18
2
-4
5
19
7
-29
-10
7
-17
-10
9
-16
-1
22
-7
3
-5
-13
35
18
-5
17
-27
-2
33
-19
-1
3
-16
26
7
13
22
-28
3
-14
-24
36
-16
-7
44
-1
15
-13
-12
26
-39
19
32
-40
54
-11
-56
50
-14
29
4
-62
54
-27
-31
65
-51
-14
38
-32
50
-1
-39
30
-44
8
31
-61
42
24
-54
17
-16
7
32
-31
32
-17
-39
63
-25
-36
29